-1.258896892246485599e+00
-1.261750154243708621e+00
-1.266689299871639474e+00
-1.280409155018277012e+00
-1.286351188878179341e+00
-1.294824659900019048e+00
-1.305391709164842151e+00
-1.321566215398337407e+00
-1.322565369419069770e+00
-1.330282934228427916e+00
-1.330475480528987786e+00
-1.322317573409568237e+00
-1.333504854695319208e+00
-1.334260747087406829e+00
-1.334596748057308435e+00
-1.337462115333833523e+00
-1.334923887920205665e+00
-1.334627671512195191e+00
-1.335705914305640896e+00
-1.333731972669438326e+00
-1.333868071082397133e+00
-1.336013997757754534e+00
-1.334482589153490828e+00
-1.343457474926109896e+00
-1.354725067202686262e+00
-1.360852708312127346e+00
-1.368438489396752500e+00
-1.370126651393352768e+00
-1.373335285226959135e+00
-1.379971434552065945e+00
-1.368840901700877577e+00
-1.363132297557418049e+00
-1.358255515345833553e+00
-1.350438927349117524e+00
-1.348683161313143808e+00
-1.338215688670710390e+00
-1.334878511342588725e+00
-1.333769135766004643e+00
-1.320242162689916343e+00
-1.324563351612772610e+00
-1.320823098957470298e+00
-1.320671731298296514e+00
-1.328325402555264656e+00
-1.318387798202295569e+00
-1.322442410769125054e+00
-1.322997797111937324e+00
-1.321218554013622537e+00
-1.333695764379213555e+00
-1.329565462715223134e+00
-1.327682973562715363e+00
-1.342841716529823426e+00
-1.349320212173204192e+00
-1.362067362308199137e+00
-1.381549582516128138e+00
-1.371631074405460504e+00
-1.367369423577981413e+00
-1.364490412253884788e+00
-1.353396902097296461e+00
-1.365307891525410433e+00
-1.368092677100755106e+00
-1.361190281229649246e+00
-1.372393070070317744e+00
-1.368580068376673120e+00
-1.371595522215550256e+00
-1.392857641580565575e+00
-1.398903376451618108e+00
-1.401986168203737781e+00
-1.405929631548519465e+00
-1.400475386092776553e+00
-1.400494266697949852e+00
-1.412029513082873500e+00
-1.413899439673505398e+00
-1.416960184547820134e+00
-1.417651576693445659e+00
-1.416334854662849807e+00
-1.420411040472709052e+00
-1.421291316077894384e+00
-1.416730933240385015e+00
-1.405550602874532817e+00
-1.396847174739900721e+00
-1.392328573464737929e+00
-1.389156958808450915e+00
-1.393317683824442099e+00
-1.392961949168693092e+00
-1.386822902412865766e+00
-1.386442305268671626e+00
-1.383521455726132832e+00
-1.380152054167591125e+00
-1.381924149290989501e+00
-1.379490289037846873e+00
-1.370992622420724949e+00
-1.365699462570099998e+00
-1.362733563671547410e+00
-1.350275039646182007e+00
-1.346964154448621054e+00
-1.334303039194929985e+00
-1.318394206926464918e+00
-1.324179338960945973e+00
-1.319910077011307248e+00
-1.311143876025385291e+00
-1.305202793772191061e+00
-1.295750284396640639e+00
-1.298125384847808261e+00
-1.296770714549653425e+00
-1.287681255399440339e+00
-1.284153551496391765e+00
-1.269188047739425285e+00
-1.261360652324401643e+00
-1.276540293257880654e+00
-1.280596323842460915e+00
-1.288350983060009503e+00
-1.312053003749156899e+00
-1.297914158593524103e+00
-1.300761933002277271e+00
-1.309604917492885434e+00
-1.284272968339936094e+00
-1.286878014751766219e+00
-1.288609073850268238e+00
-1.284454915602598168e+00
-1.306872929434654607e+00
-1.314840598549850803e+00
-1.310060757415222765e+00
-1.310071300579413123e+00
-1.297874323556207354e+00
-1.291225294551214375e+00
-1.285573109905511435e+00
-1.285633401063737358e+00
-1.291441913309057332e+00
-1.294273112482681176e+00
-1.300782761047668323e+00
-1.298502003133225724e+00
-1.298538657367643401e+00
-1.300213734085233552e+00
-1.307878437879949507e+00
-1.318027694911281467e+00
-1.319978940828627101e+00
-1.327085588625247059e+00
-1.332739999264569875e+00
-1.330241247374167157e+00
-1.339675895410383788e+00
-1.341359417840854995e+00
-1.334044420073083437e+00
-1.339025726667671279e+00
-1.326719408851937843e+00
-1.314834990507756984e+00
-1.308243669243030816e+00
-1.295762584329535283e+00
-1.304918636545286281e+00
-1.312569446937795314e+00
-1.308299770082833158e+00
-1.324354468973488075e+00
-1.318669400946302028e+00
-1.316593116873915781e+00
-1.326994191153312519e+00
-1.314389666548587243e+00
-1.323471029642509622e+00
-1.331186389649119839e+00
-1.323353758526411905e+00
-1.337059236025295528e+00
-1.329736295840566962e+00
-1.314360819498445077e+00
-1.316892837906891378e+00
-1.304292848113318470e+00
-1.302127642176274414e+00
-1.301723520522148458e+00
-1.287555337471223194e+00
-1.283622816859688154e+00
-1.274024371935922773e+00
-1.270386308839966505e+00
-1.279672950723948155e+00
-1.266040314438488634e+00
-1.257895671616521049e+00
-1.271984199190943521e+00
-1.262305290815316505e+00
-1.270242668923659224e+00
-1.286531574420618940e+00
-1.276285819735254679e+00
-1.281141890095546021e+00
-1.277414703520407757e+00
-1.259518499338674546e+00
-1.256261706613406970e+00
-1.245269124901718927e+00
-1.239542809898247500e+00
-1.246396243074302523e+00
-1.253612463161671631e+00
-1.258914742583531421e+00
-1.271570888052997672e+00
-1.279888437262745926e+00
-1.273626825122469830e+00
-1.276431943845093953e+00
-1.274327069812685176e+00
-1.264227618882974857e+00
-1.269158612780897588e+00
-1.263835557730710768e+00
-1.258784044608604047e+00
-1.255148396582813630e+00
-1.254464101864710690e+00
-1.267942058693080964e+00
-1.281358482085014794e+00
-1.280887445500834998e+00
-1.292077214346148972e+00
-1.301896559440500090e+00
-1.301266598335229618e+00
-1.311194021479343830e+00
-1.312313624911851218e+00
-1.307392892863591838e+00
-1.308150512394706810e+00
-1.310920914844034613e+00
-1.316556889088230875e+00
-1.327607239444979603e+00
-1.341377190037095657e+00
-1.343478020400153961e+00
-1.344365610989620929e+00
-1.351412080964198070e+00
-1.355830490586745762e+00
-1.377190418711716990e+00
-1.400815914171911647e+00
-1.407358241213380712e+00
-1.420271202942344768e+00
-1.421572821370788109e+00
-1.414275791418607042e+00
-1.418683536009386126e+00
-1.411791782029657050e+00
-1.401524344506386077e+00
-1.396391014165285771e+00
-1.387118185213785049e+00
-1.381971020579874088e+00
-1.384410031988919654e+00
-1.386167853074817380e+00
-1.372939914710502585e+00
-1.361260204484016967e+00
-1.358175924279588775e+00
-1.348395213530831249e+00
-1.345321840171631367e+00
-1.350231470769059694e+00
-1.349081889194947426e+00
-1.345034225447178544e+00
-1.359574636554295557e+00
-1.369131191403627712e+00
-1.370288178216347630e+00
-1.371616595736041111e+00
-1.358019380920551189e+00
-1.346893552241474223e+00
-1.345414990818458278e+00
-1.341250669636865789e+00
-1.336926471838254527e+00
-1.332258181752520088e+00
-1.316356036439519483e+00
-1.306293619391853955e+00
-1.295502121733974166e+00
-1.276793216520062613e+00
-1.272754906172945288e+00
-1.261735371570176678e+00
-1.254574033478090156e+00
-1.254050040652551434e+00
-1.252858537307640852e+00
-1.263361337515129135e+00
-1.263809117967423790e+00
-1.257596019521924013e+00
-1.245613803667594333e+00
-1.227670418473565617e+00
-1.233099690771044310e+00
-1.232342295936723842e+00
-1.234979798747444235e+00
-1.245129010807990211e+00
-1.244262994692483693e+00
-1.259016283805937997e+00
-1.274399567218861495e+00
-1.282562630113294189e+00
-1.285032084752533388e+00
-1.283664937802919237e+00
-1.289268255771388372e+00
-1.297837674505799566e+00
-1.313807030592037739e+00
-1.327173232546357440e+00
-1.340800386605624395e+00
-1.349934344615610016e+00
-1.356753286762848232e+00
-1.363558046874095098e+00
-1.364179735435220975e+00
-1.357515725341740920e+00
-1.360355847916501659e+00
-1.355227912134514767e+00
-1.348781169384542622e+00
-1.353002465282669542e+00
-1.349732780944295163e+00
-1.351332630646749688e+00
-1.354837449092262336e+00
-1.359534706062935472e+00
-1.364981615769777834e+00
-1.368532226195526169e+00
-1.372161677167168303e+00
-1.365300212488169906e+00
-1.357645626940439776e+00
-1.355771941722325957e+00
-1.356476868099131261e+00
-1.371926557690916315e+00
-1.382781563325032215e+00
-1.383582761351291435e+00
-1.393477167203893030e+00
-1.396685970837256097e+00
-1.404997165114262092e+00
-1.420134209757500932e+00
-1.415206971658292900e+00
-1.417062031024024060e+00
-1.417450149753965549e+00
-1.422458760650946452e+00
-1.424321381448529156e+00
-1.413830628546887347e+00
-1.403003190806796141e+00
-1.381022062312794008e+00
-1.382033439430152333e+00
-1.381295338843509857e+00
-1.357394638261369524e+00
-1.346704574117707498e+00
-1.327971083833145993e+00
-1.313625335583071818e+00
-1.329031023280596635e+00
-1.311413240247842227e+00
-1.306269116222207982e+00
-1.300786920762114773e+00
-1.277073269164352043e+00
-1.279541879292526607e+00
-1.275601246484656226e+00
-1.261302622040339605e+00
-1.253062239752887663e+00
-1.244298414369210182e+00
-1.229613709866026250e+00
-1.228710663036097994e+00
-1.219477732798284197e+00
-1.202339576598658866e+00
-1.205262003622427525e+00
-1.200237690809931701e+00
-1.196462957258558557e+00
-1.205660324179484100e+00
-1.196320057751915744e+00
-1.190876622415490749e+00
-1.188375690309378063e+00
-1.182906036591881760e+00
-1.198784524856638889e+00
-1.198219135735766327e+00
-1.204499093852490654e+00
-1.221684481349796680e+00
-1.221290256955806175e+00
-1.249450143462698115e+00
-1.274441488071573092e+00
-1.272813873488229497e+00
-1.294091286032152066e+00
-1.280721298614994064e+00
-1.289514316814154737e+00
-1.290595039911700770e+00
-1.285093801109144174e+00
-1.294577631135208851e+00
-1.284183155428164635e+00
-1.295997530531499686e+00
-1.301524616963048109e+00
-1.302760936315806362e+00
-1.309307368503454638e+00
-1.300209816242866800e+00
-1.300303293103246771e+00
-1.298811971006708976e+00
-1.296658058297733396e+00
-1.308633450394274922e+00
-1.316000523285440815e+00
-1.316413549718078890e+00
-1.332632982429353241e+00
-1.337157162216779049e+00
-1.334299345590867159e+00
-1.346710119746857615e+00
-1.350426660512596744e+00
-1.340335676114213115e+00
-1.345987020688466096e+00
-1.335865822826974858e+00
-1.318382264233225909e+00
-1.310630097513183712e+00
-1.295404689817121424e+00
-1.297054771179412924e+00
-1.296617687527233276e+00
-1.290479784861538581e+00
-1.285668630275666802e+00
-1.275223643232670678e+00
-1.271931714360821086e+00
-1.265030113104042897e+00
-1.250757860557621726e+00
-1.235443863851169333e+00
-1.214254196288831356e+00
-1.213884912513904846e+00
-1.224403351991173450e+00
-1.224464648647487053e+00
-1.232454586258825646e+00
-1.238377544323928658e+00
-1.236873083192003175e+00
-1.242135364134868247e+00
-1.243223055100765473e+00
-1.239926495118191863e+00
-1.229946332712724022e+00
-1.235933774102880633e+00
-1.223920574331845090e+00
-1.212364489224704300e+00
-1.227659672428761395e+00
-1.229512390151114909e+00
-1.244355129466034660e+00
-1.258768450510776571e+00
-1.249850181983738873e+00
-1.254755295669322646e+00
-1.249179776423607224e+00
-1.232171146342222690e+00
-1.257935222366865391e+00
-1.245132363119848984e+00
-1.245570348264949168e+00
-1.258787943655277353e+00
-1.246014012132374393e+00
-1.260410728877048747e+00
-1.276439554922385478e+00
-1.272925032159771597e+00
-1.295919253546033101e+00
-1.308576358202437229e+00
-1.316159905083681636e+00
-1.350744816125518000e+00
-1.347908673558930071e+00
-1.348391949140115287e+00
-1.366551810871303729e+00
-1.355584560532041793e+00
-1.361697719888619540e+00
-1.367090448749854081e+00
-1.348728606806155028e+00
-1.338042739592851138e+00
-1.321570589611170687e+00
-1.306309322236246739e+00
-1.303575134274856051e+00
-1.291949032887468540e+00
-1.280041290102071683e+00
-1.278386246461638009e+00
-1.276020815536682784e+00
-1.278293392520505334e+00
-1.279685912186102392e+00
-1.289416396591135383e+00
-1.285738128413029369e+00
-1.280385793942758310e+00
-1.284141339980005903e+00
-1.271582477346083540e+00
-1.278658241519615935e+00
-1.285837895266473074e+00
-1.279345500848672934e+00
-1.278977804341593139e+00
-1.282373374571236457e+00
-1.281908228402648842e+00
-1.282236219630886076e+00
-1.284603019087019682e+00
-1.278134406958723934e+00
-1.284458154555118359e+00
-1.289774585231600490e+00
-1.283498670973483469e+00
-1.293374879764117580e+00
-1.279911983929077568e+00
-1.261331933621284485e+00
-1.271947419874188911e+00
-1.259673696321804925e+00
-1.253561287843520278e+00
-1.266229058188008683e+00
-1.256678823634043152e+00
-1.273364025344804862e+00
-1.281561388476927688e+00
-1.272510558325636421e+00
-1.289042691999624068e+00
-1.282482006024434185e+00
-1.281177382432759027e+00
-1.297490217216532571e+00
-1.279945727529882671e+00
-1.271868103994343802e+00
-1.260047818455520829e+00
-1.237926298836872663e+00
-1.238004685965602647e+00
-1.230287648903928055e+00
-1.221281255032955926e+00
-1.204887063132619840e+00
-1.194074738207572928e+00
-1.194723431145823689e+00
-1.194544154190374519e+00
-1.196905819638536705e+00
-1.189479556749711175e+00
-1.191366152378495746e+00
-1.196224631780533842e+00
-1.191778685880538591e+00
-1.196744587139992877e+00
-1.189313877594208479e+00
-1.192413078253843350e+00
-1.200291731671732087e+00
-1.201865354791742391e+00
-1.224105046566476229e+00
-1.224023433132180649e+00
-1.221022747898574456e+00
-1.226453019750270990e+00
-1.217565982556644943e+00
-1.231547040962009509e+00
-1.236589260858577788e+00
-1.227279739433394079e+00
-1.237024039632426797e+00
-1.233240223852308359e+00
-1.238289533137012288e+00
-1.252516438050456538e+00
-1.254267195571638682e+00
-1.271511378185057772e+00
-1.282665630180977789e+00
-1.290821883586715568e+00
-1.316662871386697242e+00
-1.313150086037007114e+00
-1.312486147623274091e+00
-1.329014447192288895e+00
-1.315933816520349575e+00
-1.328366919636682963e+00
-1.340747288773131096e+00
-1.337332816597352592e+00
-1.360540178913120624e+00
-1.366411237095507047e+00
-1.375598386354768277e+00
-1.394347754233536518e+00
-1.402810048796046871e+00
-1.412149073516625775e+00
-1.420344307505926551e+00
-1.422205732695692282e+00
-1.418424931610663409e+00
-1.424745159482550871e+00
-1.435499728668631736e+00
-1.428139138675814213e+00
-1.430326849929031807e+00
-1.425373594273365185e+00
-1.407165418609918284e+00
-1.416891585286455868e+00
-1.427465841306142069e+00
-1.424895960910336656e+00
-1.427723146270425625e+00
-1.430075577713954216e+00
-1.426083471208646758e+00
-1.420365001302392072e+00
-1.421478462792962638e+00
-1.403665662537804559e+00
-1.383697637339606379e+00
-1.375885039022489709e+00
-1.358671965075608057e+00
-1.345789521146962597e+00
-1.345418448645021137e+00
-1.330988279489479620e+00
-1.327841909746606985e+00
-1.327519118882680704e+00
-1.313778555154411665e+00
-1.319361651839726424e+00
-1.307982995519726632e+00
-1.293901198755013304e+00
-1.294139084067033485e+00
-1.271417907319542628e+00
-1.264598070901945759e+00
-1.262205827600287877e+00
-1.247038276971615955e+00
-1.249996718472202062e+00
-1.241689322986371469e+00
-1.233288172978139752e+00
-1.240851275238682661e+00
-1.234544355832972728e+00
-1.230030763780525671e+00
-1.228061906681110038e+00
-1.225773394540333516e+00
-1.226936282557675950e+00
-1.231001267446875103e+00
-1.235359702834452955e+00
-1.234695524084984619e+00
-1.233225646738409065e+00
-1.239532004511798569e+00
-1.242227844572975304e+00
-1.250685302319884507e+00
-1.264383264831431486e+00
-1.263950315236606947e+00
-1.264814170436758811e+00
-1.263262674966302512e+00
-1.251055341577409274e+00
-1.247053938895022807e+00
-1.252623110484067714e+00
-1.257731115508573971e+00
-1.267025690604368648e+00
-1.274552789415883458e+00
-1.289878511030831731e+00
-1.303059783291512952e+00
-1.316071487599157486e+00
-1.333582296930224009e+00
-1.334231896145629204e+00
-1.336531817781237974e+00
-1.340006677169774063e+00
-1.325389409832514076e+00
-1.322108394548926924e+00
-1.320024150698320797e+00
-1.316144303327099196e+00
-1.316473278283144532e+00
-1.326359619452769367e+00
-1.324181500128214450e+00
-1.320750817689171352e+00
-1.327638827786691289e+00
-1.326342610598214122e+00
-1.330899136990730591e+00
-1.336030491235241868e+00
-1.337494894600010475e+00
-1.340628889304486870e+00
-1.338488959334597883e+00
-1.339977062787017781e+00
-1.341035079654641748e+00
-1.345605106509093707e+00
-1.348581812414689995e+00
-1.351244989572038202e+00
-1.364321159953911566e+00
-1.365264570340321004e+00
-1.366992483121915347e+00
-1.372285348202161304e+00
-1.349768066242097886e+00
-1.341104271271096993e+00
-1.339128243032794430e+00
-1.330234474176477777e+00
-1.344681144422983587e+00
-1.345889118927856121e+00
-1.344579116573622057e+00
-1.342912385169841460e+00
-1.338462478191472238e+00
-1.341926079743057443e+00
-1.332579071534778503e+00
-1.333410817605875875e+00
-1.331856366593910712e+00
-1.325867378375881867e+00
-1.320216415143510069e+00
-1.309030463160552049e+00
-1.315211354281148326e+00
-1.319817060519455243e+00
-1.320975292704547943e+00
-1.330785495595555812e+00
-1.316282495461511548e+00
-1.303989349976951484e+00
-1.304429771493821111e+00
-1.294448315615700285e+00
-1.285483267303047183e+00
-1.280330175844354157e+00
-1.263209368466016169e+00
-1.254923941708937729e+00
-1.258922148925974094e+00
-1.256583447020781730e+00
-1.254949365781642401e+00
-1.251416282362963761e+00
-1.246797944317338036e+00
-1.246703412886347007e+00
-1.248352299777771623e+00
-1.250982598892151021e+00
-1.248356702341111957e+00
-1.249565732097733584e+00
-1.255310549900956918e+00
-1.262639986765058175e+00
-1.287731558109822760e+00
-1.299617539630024465e+00
-1.300268912660917486e+00
-1.305614482797993192e+00
-1.296039971920800671e+00
-1.297864373740391652e+00
-1.301281937268135680e+00
-1.299684716944881746e+00
-1.312896261430944289e+00
-1.323825820154895361e+00
-1.320879233289917298e+00
-1.336826510132335999e+00
-1.335937157812758347e+00
-1.334366149508232846e+00
-1.355072429702489645e+00
-1.347726758070629804e+00
-1.347231088532428345e+00
-1.360869280122855907e+00
-1.353102660267161195e+00
-1.361419987566779621e+00
-1.355114518482931629e+00
-1.326865245039592134e+00
-1.326734274783364365e+00
-1.310345835439923778e+00
-1.305082910156476039e+00
-1.325504887491349537e+00
-1.321035148424169359e+00
-1.317868738962836517e+00
-1.329637086812794022e+00
-1.315431894424216930e+00
-1.327443293760013798e+00
-1.339814080421091402e+00
-1.322762801438088776e+00
-1.333874130620212428e+00
-1.323385548939102208e+00
-1.310069745323278578e+00
-1.333901922866683742e+00
-1.329079938420787421e+00
-1.332569511978300758e+00
-1.337560547908052122e+00
-1.325305730987309083e+00
-1.336868529114817683e+00
-1.349226146248746039e+00
-1.358966127643041588e+00
-1.365952194693992983e+00
-1.358666065632126996e+00
-1.352389285598908586e+00
-1.346920257463362525e+00
-1.342000299221889126e+00
-1.340565817995566622e+00
-1.328124039254626076e+00
-1.319695685741726798e+00
-1.316932227754749940e+00
-1.298772367239582781e+00
-1.297565000712131988e+00
-1.301737974531057107e+00
-1.299203819334074472e+00
-1.305746482783943119e+00
-1.301137559605103799e+00
-1.290596337822767392e+00
-1.297493663535224107e+00
-1.300190139721123517e+00
-1.297910183496719050e+00
-1.304283040203828570e+00
-1.302052459545246066e+00
-1.302638245274457152e+00
-1.303222410183728419e+00
-1.306437906082610345e+00
-1.298463685025139869e+00
-1.294349261905481496e+00
-1.294344666498563834e+00
-1.287536364346406392e+00
-1.305819167828734750e+00
-1.317221250827061541e+00
-1.328467332722783389e+00
-1.340270335816835523e+00
-1.314350243384221795e+00
-1.311464187816593130e+00
-1.313944767279519921e+00
-1.293347395053874083e+00
-1.298880239216330557e+00
-1.275272115237100046e+00
-1.263760727968324282e+00
-1.264967789475212934e+00
-1.259333150449116090e+00
-1.280489160072304067e+00
-1.273214288540836847e+00
-1.259673993177904627e+00
-1.263086635477122854e+00
-1.240723521569950361e+00
-1.232911272234827882e+00
-1.236681463323211050e+00
-1.219463693545151495e+00
-1.221447289990206242e+00
-1.225618307683266739e+00
-1.221082194828242429e+00
-1.237285702293671186e+00
-1.237488444356829698e+00
-1.244050141404382082e+00
-1.258813234000176973e+00
-1.258258887819400096e+00
-1.271746818141276769e+00
-1.273350821519168452e+00
-1.266409482058391545e+00
-1.263699511028026246e+00
-1.253107162918662087e+00
-1.259949469098454067e+00
-1.260724637770493706e+00
-1.247057781706380153e+00
-1.248742960493224308e+00
-1.244581310094895699e+00
-1.253194001059746210e+00
-1.274947170358547766e+00
-1.266922102598508015e+00
-1.268427589102825603e+00
-1.264016045202171812e+00
-1.249619508527291201e+00
-1.257188255996471327e+00
-1.245732070744659303e+00
-1.236162369074137679e+00
-1.234580515025964553e+00
-1.223722128675332144e+00
-1.231536490689327801e+00
-1.227998808925155450e+00
-1.225478150385442611e+00
-1.234387191816436191e+00
-1.218672744527862672e+00
-1.217882800540923682e+00
-1.225104377970729352e+00
-1.217600658877891151e+00
-1.218687381258965585e+00
-1.220419420194229998e+00
-1.218078998835280480e+00
-1.213198670587973815e+00
-1.213388192490943318e+00
-1.211159739439110705e+00
-1.208043725582663708e+00
-1.205868415512558078e+00
-1.199371469623800257e+00
-1.192188076444764322e+00
-1.190900795447113580e+00
-1.185877770583462443e+00
-1.191753843493588150e+00
-1.194335598816061328e+00
-1.205441658670073579e+00
-1.227050379426285920e+00
-1.225427584641344492e+00
-1.230589281769562282e+00
-1.228094614745269597e+00
-1.210391269058398889e+00
-1.210549813589255175e+00
-1.218584040151473813e+00
-1.214263078608356583e+00
-1.215829322620302078e+00
-1.214398675568498120e+00
-1.213011787086060833e+00
-1.232000862026434218e+00
-1.237429235562810259e+00
-1.238172204770455531e+00
-1.255685372728113203e+00
-1.263377042004772965e+00
-1.270301417261250121e+00
-1.269565324923862981e+00
-1.259025839588672424e+00
-1.271850396114157844e+00
-1.289717896112658302e+00
-1.300467908901826952e+00
-1.300320325245865938e+00
-1.291508932086807171e+00
-1.281081262439137225e+00
-1.277106815882099733e+00
-1.283703005616029680e+00
-1.272718055467509490e+00
-1.274838842880054779e+00
-1.284117394488256458e+00
-1.284420183502810842e+00
-1.298233976806360435e+00
-1.308296613956385634e+00
-1.303484166314675896e+00
-1.310108111269004949e+00
-1.309863914790194261e+00
-1.304994389783346920e+00
-1.306263418241289331e+00
-1.294084187774118266e+00
-1.283718955132086892e+00
-1.286498342218050039e+00
-1.282794187947827513e+00
-1.272933648575078625e+00
-1.266234219383326476e+00
-1.255794679450837670e+00
-1.251475291762704556e+00
-1.250523154406540050e+00
-1.236981211530076230e+00
-1.235220152153718276e+00
-1.232266781815917200e+00
-1.233573899204073232e+00
-1.231289886393267308e+00
-1.220111571494848501e+00
-1.216796922564439498e+00
-1.216584983005787990e+00
-1.215052673143173667e+00
-1.221068579476347171e+00
-1.234149950152806152e+00
-1.234594102038144570e+00
-1.237250367879351165e+00
-1.251494307464796618e+00
-1.249572366994943673e+00
-1.267235321552828031e+00
-1.277681586958366866e+00
-1.265830382178340763e+00
-1.271431261174016170e+00
-1.274806023056312299e+00
-1.272052265134991256e+00
-1.288383231374274906e+00
-1.284982659543147276e+00
-1.276565445252182851e+00
-1.285582472885731242e+00
-1.284227533220247741e+00
-1.285704188760193878e+00
-1.290094358026309562e+00
-1.293977636044264301e+00
-1.293192419603178767e+00
-1.300301032983223637e+00
-1.319044728541508560e+00
-1.326571113054500595e+00
-1.343444552410107518e+00
-1.352573508478513764e+00
-1.349914156537859622e+00
-1.353568958919186604e+00
-1.350241862767368017e+00
-1.347976476791280298e+00
-1.346445145827008583e+00
-1.319914833472062066e+00
-1.312458029621847100e+00
-1.319516882475182840e+00
-1.323581476349107167e+00
-1.339830984630999255e+00
-1.333431896854273324e+00
-1.321867456432702870e+00
-1.326183576659376140e+00
-1.326117679146897821e+00
-1.347315623962689557e+00
-1.336182331882413976e+00
-1.311217350652420066e+00
-1.293184357762606984e+00
-1.263945963074484036e+00
-1.261662592182282605e+00
-1.258974677289907973e+00
-1.244989743599225207e+00
-1.240212194963501435e+00
-1.242109098338644468e+00
-1.247770013753217277e+00
-1.258389045586952415e+00
-1.266159361655924576e+00
-1.270466519288719232e+00
-1.268910333112678535e+00
-1.264067816144845313e+00
-1.264102704571246960e+00
-1.272972248754606905e+00
-1.269367278557031353e+00
-1.266845212406533028e+00
-1.266292721112610264e+00
-1.260694905446978487e+00
-1.270707993163614935e+00
-1.270847570900610402e+00
-1.274718107200411232e+00
-1.280422285946261729e+00
-1.268734704166506910e+00
-1.275731799814764811e+00
-1.265536264388901877e+00
-1.247233248889197732e+00
-1.247980259023875327e+00
-1.227859893105997413e+00
-1.220353522022182391e+00
-1.230167334531483858e+00
-1.228507429003496298e+00
-1.244078034488241613e+00
-1.259336613090676016e+00
-1.258513083770774976e+00
-1.263927690199537324e+00
-1.271147307844244789e+00
-1.275792834779915896e+00
-1.280477420493868257e+00
-1.287742530466468693e+00
-1.285566629169003994e+00
-1.292347700909066699e+00
-1.298960899259421709e+00
-1.297217552487428538e+00
-1.300545598489222243e+00
-1.291093967772023898e+00
-1.287767563361876588e+00
-1.293238722840959420e+00
-1.290478515885095989e+00
-1.292251400470024070e+00
-1.300003236895183489e+00
-1.301099209653269639e+00
-1.315849495652540391e+00
-1.310348278763401986e+00
-1.294166081221341358e+00
-1.292428704021198360e+00
-1.283529783387513001e+00
-1.286002754834383977e+00
-1.299516779165598379e+00
-1.295197768515465642e+00
-1.290935768994578847e+00
-1.280229723184269641e+00
-1.261684712812527476e+00
-1.253969853926385936e+00
-1.245773484225087824e+00
-1.237403484967330325e+00
-1.223175001392802885e+00
-1.210372517960919492e+00
-1.205777581821806388e+00
-1.205820879939044188e+00
-1.208693996778293922e+00
-1.205638685834397705e+00
-1.203603511462590703e+00
-1.199505510730618507e+00
-1.198508530130446115e+00
-1.200558525278585975e+00
-1.196222928226713833e+00
-1.196797296250777132e+00
-1.201889718747611191e+00
-1.200484955550761956e+00
-1.203767599154915269e+00
-1.206099893720681493e+00
-1.213038990540596496e+00
-1.220418680908630815e+00
-1.217619920543592471e+00
-1.215845994355085669e+00
-1.214264907255962811e+00
-1.224371272057485083e+00
-1.240337851802351787e+00
-1.251382137409946527e+00
-1.260390006965992793e+00
-1.265125293098932069e+00
-1.280607850436624950e+00
-1.305226916345817889e+00
-1.322636300593978076e+00
-1.336866050932884020e+00
-1.341328150217452331e+00
-1.339478031470622721e+00
-1.349153408009298616e+00
-1.365058612030952467e+00
-1.361524367889171971e+00
-1.365805277757084824e+00
-1.373939795211912784e+00
-1.366471861745268912e+00
-1.377342492487920289e+00
-1.310570781395989703e+00
-1.317899301165982751e+00
-1.321264161861891884e+00
-1.313431645351974542e+00
-1.323677878554618825e+00
-1.326453581850524088e+00
-1.322519488887490935e+00
-1.328482949278047887e+00
-1.334478441826599360e+00
-1.333566428257820569e+00
-1.340439259222658164e+00
-1.349361356288972802e+00
-1.345568979052291114e+00
-1.341712111571565780e+00
-1.343053854313968065e+00
-1.347916713405037381e+00
-1.342304523793200310e+00
-1.337947096087480858e+00
-1.329046971835762259e+00
-1.318896593106684278e+00
-1.311356229242104154e+00
-1.302189447026558033e+00
-1.303729720892702337e+00
-1.306584389881898511e+00
-1.303124622603283100e+00
-1.315643226121105513e+00
-1.320874559359379807e+00
-1.321008252644644720e+00
-1.343058299938410860e+00
-1.337506062226081704e+00
-1.338729648131655514e+00
-1.340889010084052035e+00
-1.329440213818040117e+00
-1.341165331910180392e+00
-1.334315122521536390e+00
-1.328513889708347717e+00
-1.331312885792743206e+00
-1.322685358147668744e+00
-1.328390722482550412e+00
-1.332455654551778057e+00
-1.336664558697470362e+00
-1.343995078792180831e+00
-1.339659804182318226e+00
-1.343844173062927139e+00
-1.346516914384980002e+00
-1.340612211269523568e+00
-1.337559549902179512e+00
-1.333297704507707238e+00
-1.328321540756252528e+00
-1.331688443625542728e+00
-1.338181084051783154e+00
-1.344605489388760677e+00
-1.345185494202189913e+00
-1.349919974083445107e+00
-1.348560991615557203e+00
-1.340450756160901147e+00
-1.345392462121167920e+00
-1.336209268208845335e+00
-1.327313509251552448e+00
-1.326858326191726611e+00
-1.312435613076533114e+00
-1.310635023079016248e+00
-1.306344002770029045e+00
-1.288218807678812583e+00
-1.289885781668814735e+00
-1.279135167879975610e+00
-1.260964486292512232e+00
-1.264298755938420893e+00
-1.248527248430689518e+00
-1.234167060966308904e+00
-1.233355502090100586e+00
-1.219361636498724089e+00
-1.214016378847911026e+00
-1.214720363212809628e+00
-1.203802159348120737e+00
-1.206298357573210467e+00
-1.205187421580288687e+00
-1.200749580340911837e+00
-1.209777503160003542e+00
-1.207547100677039076e+00
-1.214862647376369953e+00
-1.226008198976724195e+00
-1.225415764733235102e+00
-1.235136886362970587e+00
-1.241492746956287530e+00
-1.243381078198488865e+00
-1.241669852502297777e+00
-1.232732462540989671e+00
-1.221335007906037218e+00
-1.208303632210923073e+00
-1.205090883893550791e+00
-1.210179594108488077e+00
-1.214509253403189382e+00
-1.226116316940323969e+00
-1.223879462844868815e+00
-1.233744275343559682e+00
-1.244780951529040003e+00
-1.239018477063309032e+00
-1.250012541631615681e+00
-1.251301783061746109e+00
-1.255905191726516934e+00
-1.266705401103312312e+00
-1.267553696675717489e+00
-1.271684986757344538e+00
-1.275762486504657511e+00
-1.281001445808975792e+00
-1.289788331611491090e+00
-1.300968293409445087e+00
-1.304225149263937844e+00
-1.308091665828249983e+00
-1.318654411314436281e+00
-1.321064757495147513e+00
-1.320034304092288835e+00
-1.329122690457807066e+00
-1.311023181734985110e+00
-1.304620896944393538e+00
-1.301449710793579850e+00
-1.286254005896858565e+00
-1.291417335543301625e+00
-1.287547336052765834e+00
-1.284665111290324901e+00
-1.289756759851537371e+00
-1.291406339101645040e+00
-1.285139157693251599e+00
-1.264999828208850818e+00
-1.256395990474177715e+00
-1.249597641886381227e+00
-1.244409157316101577e+00
-1.236922285378250885e+00
-1.225181139829131904e+00
-1.220987048412349507e+00
-1.216913681715003692e+00
-1.216596957945390134e+00
-1.221673707357145977e+00
-1.227902679558942056e+00
-1.221331498568559715e+00
-1.215922703018231577e+00
-1.207209277940330727e+00
-1.197289890795171896e+00
-1.190042527326352406e+00
-1.180577728123711756e+00
-1.180351328379764420e+00
-1.171859187035893868e+00
-1.170595933126008736e+00
-1.178462326341530586e+00
-1.171791465063399595e+00
-1.177523853988033498e+00
-1.184856384433648602e+00
-1.182734355533037185e+00
-1.208085087567335680e+00
-1.211041219580863082e+00
-1.211627414019979643e+00
-1.213995992768780896e+00
-1.209421412535897966e+00
-1.216276973157129015e+00
-1.217257775645924411e+00
-1.210032297908449905e+00
-1.216659790858833912e+00
-1.213651930708839366e+00
-1.218962429734558706e+00
-1.235678647753036374e+00
-1.234534718170234635e+00
-1.247480598442214150e+00
-1.250535134848058672e+00
-1.254845330681683135e+00
-1.274244483451513643e+00
-1.278207452977920822e+00
-1.290639802909082201e+00
-1.305519229918497892e+00
-1.304954833973566597e+00
-1.323660128421084714e+00
-1.331800269125781089e+00
-1.337320887690630844e+00
-1.362700433306286651e+00
-1.353142366157607190e+00
-1.347343702779454810e+00
-1.357866443890747954e+00
-1.340432757385706886e+00
-1.348751797833814159e+00
-1.346917749805720321e+00
-1.340520465912407033e+00
-1.355865066021195053e+00
-1.355839850595490947e+00
-1.360669820946369457e+00
-1.364540991417809268e+00
-1.356482778822442725e+00
-1.358696029383682058e+00
-1.357566558983013705e+00
-1.353329158728979520e+00
-1.355145088858125790e+00
-1.348065851608196253e+00
-1.341211455549910614e+00
-1.339996915430421653e+00
-1.333098625005891824e+00
-1.329133944495629160e+00
-1.321917608203293515e+00
-1.320243869345427035e+00
-1.310674632979379917e+00
-1.294567930296464331e+00
-1.301310291292213206e+00
-1.293081441023530731e+00
-1.288107088037342196e+00
-1.294321792604174126e+00
-1.275014835853634176e+00
-1.270967340641180776e+00
-1.274566780718757730e+00
-1.262077027026813569e+00
-1.274284510353468347e+00
-1.276878010604075797e+00
-1.274212528391493571e+00
-1.278299258933975002e+00
-1.270461469826784873e+00
-1.269887074327222365e+00
-1.267582148226241712e+00
-1.264256513038016339e+00
-1.270664997381980799e+00
-1.266908834041108767e+00
-1.265856276179189610e+00
-1.267713066370086405e+00
-1.269329179246472927e+00
-1.269214528855429736e+00
-1.271513267085452314e+00
-1.274461803841374863e+00
-1.273366897492127503e+00
-1.282550913214504540e+00
-1.284106570291522420e+00
-1.288737397658264561e+00
-1.291328206420033320e+00
-1.292521606609778440e+00
-1.300020701533578515e+00
-1.304367559035116253e+00
-1.299373356027058612e+00
-1.304552998311364842e+00
-1.305241725126680574e+00
-1.305981312220768187e+00
-1.316537161285033397e+00
-1.316584575341662511e+00
-1.320619525000211736e+00
-1.312349154447124633e+00
-1.309383585205861511e+00
-1.313531621448647435e+00
-1.306657074782531014e+00
-1.309443238118892960e+00
-1.303139174762637520e+00
-1.297106927436860069e+00
-1.310871239061503379e+00
-1.308388260802533898e+00
-1.313465742332883934e+00
-1.323644441969136665e+00
-1.314650166537086884e+00
-1.319297164454457993e+00
-1.322247939142308759e+00
-1.319391465524678564e+00
-1.335742597191158509e+00
-1.349639806927552144e+00
-1.349941303380944868e+00
-1.352708476710751562e+00
-1.340149865918052408e+00
-1.327130716788149867e+00
-1.323951917149946533e+00
-1.315067663083156146e+00
-1.315210782962212610e+00
-1.311317410705749698e+00
-1.306020816548374874e+00
-1.315061917233589783e+00
-1.317190605036161033e+00
-1.318050280798970242e+00
-1.331019674542291531e+00
-1.329629759416644630e+00
-1.341154702397083565e+00
-1.363880416017461128e+00
-1.361810200618069899e+00
-1.371260977123056612e+00
-1.367903928142472525e+00
-1.352348849633029593e+00
-1.356418188217390908e+00
-1.357184285448590488e+00
-1.346132258470785104e+00
-1.347051041443337649e+00
-1.341388157512763524e+00
-1.331908963154873726e+00
-1.339690319070267144e+00
-1.338874570345787385e+00
-1.334373632537938059e+00
-1.346646197633777131e+00
-1.331244356059704481e+00
-1.325665877899074196e+00
-1.330342375599819160e+00
-1.322154468612467548e+00
-1.331490951902948527e+00
-1.326488644498184266e+00
-1.316134101001937173e+00
-1.317843124626283835e+00
-1.309111249645342978e+00
-1.308789458213109214e+00
-1.308215506284078566e+00
-1.296507197252167343e+00
-1.319093710324505730e+00
-1.317461112638719456e+00
-1.303545315252819137e+00
-1.297709009734320906e+00
-1.275775041484208394e+00
-1.272948228973832308e+00
-1.278584967128212124e+00
-1.271533583689325564e+00
-1.279018790451197818e+00
-1.279981934051033221e+00
-1.274045554044388684e+00
-1.282739592691168662e+00
-1.280590691373163281e+00
-1.284175875876152784e+00
-1.286142198438870787e+00
-1.278590774967433896e+00
-1.278159432559019093e+00
-1.272071574845017095e+00
-1.265760831316095958e+00
-1.265415634541710466e+00
-1.266107444822898165e+00
-1.264842257902830669e+00
-1.268281922776926418e+00
-1.270492913811305469e+00
-1.266367069845608651e+00
-1.267344162049750977e+00
-1.270667109097091130e+00
-1.279348783473954088e+00
-1.273839551437147222e+00
-1.257634146998581448e+00
-1.251215624890412048e+00
-1.251323888850659927e+00
-1.249853369240100820e+00
-1.251393784726666514e+00
-1.250336849287770447e+00
-1.248667380951045569e+00
-1.250126501997637085e+00
-1.253458193127660270e+00
-1.258322854174752647e+00
-1.261522245053371405e+00
-1.269254954378858491e+00
-1.272231285172972015e+00
-1.271187119117842323e+00
-1.276481291370243909e+00
-1.276935659659970135e+00
-1.287833666220605799e+00
-1.288197433327565200e+00
-1.282340542624943680e+00
-1.286327758982853231e+00
-1.285943813452754769e+00
-1.283128870307977065e+00
-1.280555704375236248e+00
-1.269737104997489041e+00
-1.262817730853130538e+00
-1.265008814542261995e+00
-1.259264318086074308e+00
-1.255710375385636901e+00
-1.243008780650266987e+00
-1.217327558053568959e+00
-1.213772754361309048e+00
-1.209356110711025112e+00
-1.203425843859893707e+00
-1.208081067276273846e+00
-1.198397445845051035e+00
-1.200243079316087425e+00
-1.201661902960366568e+00
-1.205458068396075610e+00
-1.210418714849781141e+00
-1.196435294896224022e+00
-1.186223436690113431e+00
-1.179960117191380498e+00
-1.181585706375254619e+00
-1.195889105362154980e+00
-1.198527682411613116e+00
-1.206389739089208657e+00
-1.217634623921960424e+00
-1.215998352710279784e+00
-1.231615373608863750e+00
-1.239048889528306052e+00
-1.227332180381062843e+00
-1.219514256975150257e+00
-1.207678853271644037e+00
-1.203558943298713269e+00
-1.206112532317527020e+00
-1.211680262451032553e+00
-1.211659759978133133e+00
-1.208023156688005750e+00
-1.217959325375147950e+00
-1.228378789630262036e+00
-1.241778517640862223e+00
-1.249889966030258703e+00
-1.242892287309126154e+00
-1.244201266023363228e+00
-1.238553927007659095e+00
-1.244241820875761517e+00
-1.270761902574531144e+00
-1.267171564095815439e+00
-1.280572795623315940e+00
-1.293375334450780345e+00
-1.289633152351703727e+00
-1.316385724705462446e+00
-1.311769260799919401e+00
-1.301225839984863741e+00
-1.303871961662238288e+00
-1.281833091218557152e+00
-1.278624177983052723e+00
-1.283364902739181357e+00
-1.267156171557285216e+00
-1.270685339107465728e+00
-1.263572574835365669e+00
-1.254379345527816936e+00
-1.269400509047866832e+00
-1.266912910179613716e+00
-1.262041531823717921e+00
-1.268308560415317254e+00
-1.260016691913385722e+00
-1.265092593643707408e+00
-1.281334913990466839e+00
-1.272596562167256140e+00
-1.287047477833330733e+00
-1.299252357297120186e+00
-1.293803881769698627e+00
-1.306393823822911804e+00
-1.301610938566433173e+00
-1.283988037591206277e+00
-1.271884074988733015e+00
-1.242305495738612153e+00
-1.227127198636668748e+00
-1.209384305489938471e+00
-1.192714460679971999e+00
-1.198061766324633570e+00
-1.194484898257448080e+00
-1.197542669269376470e+00
-1.201651693585604086e+00
-1.194195787234689776e+00
-1.195554588049053679e+00
-1.193730935295781226e+00
-1.200285257517078819e+00
-1.208419531168837935e+00
-1.202222391474717211e+00
-1.202270995945115661e+00
-1.197193154379179170e+00
-1.198372485947886368e+00
-1.203051231920476916e+00
-1.213062819463598174e+00
-1.222347055701661800e+00
-1.231146595109097186e+00
-1.234076891877055049e+00
-1.243771450588721406e+00
-1.249963786053539971e+00
-1.251636004804510982e+00
-1.259492527281558916e+00
-1.259788780684122589e+00
-1.262468469739689070e+00
-1.276577338038756171e+00
-1.276337906302086100e+00
-1.281384284421784869e+00
-1.277612486093469890e+00
-1.278133445105240185e+00
-1.284738784356242336e+00
-1.278627818313501141e+00
-1.281279961135774803e+00
-1.278354859011526568e+00
-1.277830900436270678e+00
-1.283214230040105708e+00
-1.289737273436209142e+00
-1.294183468289515693e+00
-1.296910331748107881e+00
-1.298727554283136909e+00
-1.296456613687161585e+00
-1.296993540218666974e+00
-1.305400957856633015e+00
-1.314926692670649100e+00
-1.318519089063175054e+00
-1.315795766979639625e+00
-1.304352197725934914e+00
-1.297009261368830213e+00
-1.298112986418685777e+00
-1.301912016533917305e+00
-1.295778899142918217e+00
-1.288469713132888606e+00
-1.283451114855918229e+00
-1.274706782461424437e+00
-1.283575647799923836e+00
-1.282322466263814409e+00
-1.273196667310076524e+00
-1.271936972301526803e+00
-1.262369940921840739e+00
-1.256250633221019264e+00
-1.252144398188713259e+00
-1.236347564909025420e+00
-1.227518974498418736e+00
-1.219514504938282506e+00
-1.209377983549597246e+00
-1.217522563124239676e+00
-1.218774492915758456e+00
-1.215193877496249408e+00
-1.229250090862640921e+00
-1.232561560899142261e+00
-1.236169406534142423e+00
-1.248209837605677386e+00
-1.246142536611295926e+00
-1.238879593092367948e+00
-1.233845129783744499e+00
-1.223081970745125036e+00
-1.229735073802522560e+00
-1.229090296767878288e+00
-1.229508978566872912e+00
-1.239219224306135736e+00
-1.234178729391788742e+00
-1.245897149540104110e+00
-1.248563061814686126e+00
-1.238922321373469693e+00
-1.252451322903020969e+00
-1.244877700945657972e+00
-1.244160712296997540e+00
-1.248729224306336594e+00
-1.247964296879287449e+00
-1.271075282564725795e+00
-1.285363706110290272e+00
-1.295633198940882691e+00
-1.302234648236003878e+00
-1.292166176396603472e+00
-1.295213306604940717e+00
-1.300561929655708493e+00
-1.297500035961480336e+00
-1.301156426255261067e+00
-1.290903854907065051e+00
-1.291423064243715224e+00
-1.291260240261299819e+00
-1.282740701235256076e+00
-1.290120644857299270e+00
-1.287681814117850099e+00
-1.282363495510333573e+00
-1.293024453096362603e+00
-1.293051402202550992e+00
-1.291170634874660328e+00
-1.298266880585102534e+00
-1.293415650571911879e+00
-1.295352731013231784e+00
-1.307531444972153789e+00
-1.308501832462471759e+00
-1.310675810715843825e+00
-1.303281578497882842e+00
-1.292191465257149341e+00
-1.290791809798550460e+00
-1.294493130801434244e+00
-1.300373577318795659e+00
-1.301226719407187593e+00
-1.305564027779183345e+00
-1.305786943852559334e+00
-1.318837852989792614e+00
-1.323839728952624695e+00
-1.320042544480390490e+00
-1.322061780572688416e+00
-1.302602313525818678e+00
-1.299116573344849757e+00
-1.298307344179176814e+00
-1.286323676019430762e+00
-1.294188981408870731e+00
-1.282616258637579332e+00
-1.271652881588430928e+00
-1.278738536782894508e+00
-1.272006651714592707e+00
-1.273687483603789250e+00
-1.262833850845648920e+00
-1.234709077933788368e+00
-1.225603419258515014e+00
-1.219297938630960587e+00
-1.224978648095436551e+00
-1.228429293226899643e+00
-1.219410020356996638e+00
-1.218826278581386591e+00
-1.210986185431369266e+00
-1.207202717434839867e+00
-1.214001497368831783e+00
-1.198534742911313566e+00
-1.193230660764800666e+00
-1.190833233785646206e+00
-1.180769713983481406e+00
-1.189401276527812801e+00
-1.184861165710733522e+00
-1.183356599049847135e+00
-1.196926640063475711e+00
-1.199745122689915178e+00
-1.212484002540922479e+00
-1.225009374841158571e+00
-1.232175237079325969e+00
-1.247704021773933913e+00
-1.256583669081819732e+00
-1.264374432455965147e+00
-1.263962552564552810e+00
-1.255082828625266878e+00
-1.251647711802964302e+00
-1.233251678332454304e+00
-1.228507941226920197e+00
-1.224916985844250572e+00
-1.213721778157980768e+00
-1.218915194917306266e+00
-1.218332279861759515e+00
-1.226046605444222948e+00
-1.237147190799805951e+00
-1.245755648649559566e+00
-1.253772746965817086e+00
-1.253355098953165436e+00
-1.262918258489067913e+00
-1.271945647360430920e+00
-1.276140691628006918e+00
-1.282309876403068927e+00
-1.294191899604444806e+00
-1.305169587798370001e+00
-1.306485238973250862e+00
-1.313537239735312223e+00
-1.307518482752714872e+00
-1.306692727187135805e+00
-1.309231763427872064e+00
-1.304145129795242664e+00
-1.309987893962327066e+00
-1.308790979987537018e+00
-1.308211214785048648e+00
-1.310987681497081336e+00
-1.313402140844262656e+00
-1.322407463932331995e+00
-1.320963621138514288e+00
-1.326597225983100925e+00
-1.327039864908069022e+00
-1.325951890008016054e+00
-1.335620484402137320e+00
-1.334135525513684639e+00
-1.326986028269688145e+00
-1.324576610989281145e+00
-1.317406366499925152e+00
-1.316350809508423758e+00
-1.315213817614680814e+00
-1.312330849850372738e+00
-1.312618656584359167e+00
-1.311945623567262409e+00
-1.311299328231613659e+00
-1.306236565960617657e+00
-1.298251577281651414e+00
-1.292643979020168699e+00
-1.286014145996548841e+00
-1.277964642630973424e+00
-1.279769353780095820e+00
-1.272395780581261127e+00
-1.260228382546218828e+00
-1.256142427910634130e+00
-1.246707336237414809e+00
-1.238526833409327566e+00
-1.232001032314417710e+00
-1.224705879527577368e+00
-1.225575802542694825e+00
-1.227791008231972514e+00
-1.230252913280505345e+00
-1.243737256016152815e+00
-1.252034395917221543e+00
-1.259593156878881626e+00
-1.263927373386438680e+00
-1.264237684900183734e+00
-1.267299084683462862e+00
-1.256070292903562535e+00
-1.252444000854791462e+00
-1.245029534618564027e+00
-1.235302828496911864e+00
-1.245311721464964938e+00
-1.249074788316342888e+00
-1.253088317000251140e+00
-1.262550732108532303e+00
-1.261790914984808776e+00
-1.255597842584351698e+00
-1.255611091804282209e+00
-1.262196170616036062e+00
-1.257689610968157012e+00
-1.261986986157205948e+00
-1.272582163518176657e+00
-1.273664578516534140e+00
-1.279424032538629907e+00
-1.278413335344516621e+00
-1.275136789448119368e+00
-1.279224807358216420e+00
-1.271157948819338523e+00
-1.274258854729274359e+00
-1.280873635205142191e+00
-1.282042120711060385e+00
-1.301664439614992785e+00
-1.308866710625399499e+00
-1.304754009402834702e+00
-1.305463225180221398e+00
-1.287458823618322423e+00
-1.291668254416045603e+00
-1.297221103861000646e+00
-1.290413788841342058e+00
-1.304924116280703261e+00
-1.298746025541589910e+00
-1.298294967137767486e+00
-1.317588493175396058e+00
-1.311166589301095975e+00
-1.324431933748595469e+00
-1.329822918736266679e+00
-1.319380112223874635e+00
-1.335551363467591734e+00
-1.328389686815714121e+00
-1.329803848739617766e+00
-1.334856391878270987e+00
-1.310127467452649963e+00
-1.305972179739253614e+00
-1.296544867821464608e+00
-1.277788854691447762e+00
-1.281458478826878133e+00
-1.279264971876354018e+00
-1.278089538010841686e+00
-1.286342786950377626e+00
-1.286324334512994660e+00
-1.292918444977167347e+00
-1.297250806791442113e+00
-1.290996913272710378e+00
-1.293189882331110097e+00
-1.284182714484042309e+00
-1.275949007908200095e+00
-1.284648924607682208e+00
-1.281595409844326960e+00
-1.287979323280733945e+00
-1.285162133158082254e+00
-1.271109842449377636e+00
-1.268944455033476304e+00
-1.252795180830637234e+00
-1.241138134487041578e+00
-1.226299897400948247e+00
-1.212320348640962386e+00
-1.219017615213905392e+00
-1.209220248097228945e+00
-1.211803239747198502e+00
-1.224899331817777659e+00
-1.214956555964145091e+00
-1.218250079690013754e+00
-1.218196110935552356e+00
-1.204753147635173161e+00
-1.201195041540141784e+00
-1.197035262211695539e+00
-1.186442082800460263e+00
-1.183296704847667691e+00
-1.175788692742034902e+00
-1.163702759310496271e+00
-1.159185463711777997e+00
-1.158949050876840969e+00
-1.150926084520868864e+00
-1.146276419405492630e+00
-1.140250460624976592e+00
-1.133317250805586873e+00
-1.139202958363538354e+00
-1.136109581867400076e+00
-1.132403378040793163e+00
-1.147573918840921525e+00
-1.154695802615389510e+00
-1.165967479075931568e+00
-1.194453267798394336e+00
-1.209455885347096693e+00
-1.221012108511899452e+00
-1.232202236354075886e+00
-1.232312987600206577e+00
-1.237264408725518239e+00
-1.240133308115178412e+00
-1.236437811837425738e+00
-1.234228067252898908e+00
-1.225175664822624411e+00
-1.226280529877305625e+00
-1.228484978471689359e+00
-1.233180945882390356e+00
-1.245510210757091452e+00
-1.245038297980156639e+00
-1.255998641912216884e+00
-1.263380074166357891e+00
-1.265478531724608002e+00
-1.278254907936244633e+00
-1.269777460567843796e+00
-1.273682189147964161e+00
-1.274749672615009821e+00
-1.266031333124608027e+00
-1.267064371187675675e+00
-1.258128668892321445e+00
-1.256056909793621612e+00
-1.261903088135520878e+00
-1.263973192455691841e+00
-1.266095460290473929e+00
-1.268643604600407926e+00
-1.261533274837217444e+00
-1.255644562417526977e+00
-1.250641381639060690e+00
-1.244756345770114292e+00
-1.240568430197989347e+00
-1.225539528932416911e+00
-1.220273955314639114e+00
-1.208042578117550114e+00
-1.204711823381716895e+00
-1.207669134377770792e+00
-1.199367068151909965e+00
-1.202790856635473471e+00
-1.203211148245866946e+00
-1.197148508103576647e+00
-1.193036915683043153e+00
-1.186552111261493625e+00
-1.178443902837483348e+00
-1.172220098644112696e+00
-1.306774982552630027e+00
-1.310291039948880742e+00
-1.313889371557012353e+00
-1.309224163764981963e+00
-1.319144654271825479e+00
-1.321800508686048259e+00
-1.311891633012019831e+00
-1.315503589810086638e+00
-1.310554987663498760e+00
-1.308305902209424110e+00
-1.316435006990591683e+00
-1.305201974984622426e+00
-1.294021097038992041e+00
-1.280873260157990412e+00
-1.269005168451755816e+00
-1.272633310255461669e+00
-1.273805886509661756e+00
-1.281264793508136268e+00
-1.285522590869879300e+00
-1.285516836388406414e+00
-1.294044100842304479e+00
-1.290331250665166074e+00
-1.294616594555171529e+00
-1.293506831120681433e+00
-1.285698110912181225e+00
-1.283905655426497594e+00
-1.275556190590356298e+00
-1.272178012058069019e+00
-1.276984850899109958e+00
-1.282573554492277390e+00
-1.288440901339781508e+00
-1.289465283891360725e+00
-1.294668598043348329e+00
-1.305391684262520391e+00
-1.304944803914260376e+00
-1.308593120652008057e+00
-1.304096288923422664e+00
-1.291470807406922106e+00
-1.295756236273054807e+00
-1.297576369964963838e+00
-1.301434129061149525e+00
-1.304894976213228697e+00
-1.286865606844847632e+00
-1.282645807189697562e+00
-1.277350044677560748e+00
-1.270992841791231287e+00
-1.281652118230301340e+00
-1.275291945820397510e+00
-1.270712298465300094e+00
-1.283727248121452336e+00
-1.289538474219480424e+00
-1.298423605582763374e+00
-1.306651772789122035e+00
-1.306089443388645410e+00
-1.310908033472745648e+00
-1.313470673849006953e+00
-1.317077078078201735e+00
-1.325137128318300883e+00
-1.322864702615256238e+00
-1.322892542898774115e+00
-1.316689990048494519e+00
-1.304760534621944190e+00
-1.303591095838020575e+00
-1.294357123834989354e+00
-1.286703843643475453e+00
-1.281824829084082129e+00
-1.262782076814703780e+00
-1.254490778309293120e+00
-1.250252093626399663e+00
-1.242269751451734905e+00
-1.240856365086123958e+00
-1.234963711418777255e+00
-1.233239671964305950e+00
-1.244949522923538110e+00
-1.262048889945534658e+00
-1.272763696606848072e+00
-1.287975806892097452e+00
-1.290694026737904121e+00
-1.287292900575094379e+00
-1.305141167419488823e+00
-1.310110016237850949e+00
-1.317772012069340581e+00
-1.334572928554014437e+00
-1.317957007929138058e+00
-1.325473742803670918e+00
-1.335325091866935709e+00
-1.333110363541524013e+00
-1.345672279952449646e+00
-1.330188226300504262e+00
-1.315815184517278746e+00
-1.307463739486382615e+00
-1.296738830555704824e+00
-1.303865527524893375e+00
-1.301042420881515893e+00
-1.299860712001079666e+00
-1.300867003746376760e+00
-1.293220973463139689e+00
-1.308393354357282101e+00
-1.311933497348822142e+00
-1.309808135832081222e+00
-1.315547574090975003e+00
-1.304637514504412898e+00
-1.294456824795374938e+00
-1.284195512690260887e+00
-1.278914119707700525e+00
-1.268995416034631951e+00
-1.263979196900609780e+00
-1.266619853140936502e+00
-1.264536680925283374e+00
-1.268335737812917197e+00
-1.265268225861917673e+00
-1.255886461260030673e+00
-1.249759541012963160e+00
-1.242799593159632954e+00
-1.236901598105471844e+00
-1.233221148964402714e+00
-1.225920313119893246e+00
-1.224384859324748165e+00
-1.212566360889389072e+00
-1.207820174580260586e+00
-1.213460668830976363e+00
-1.213257449098437579e+00
-1.218396253486931036e+00
-1.211515338546739873e+00
-1.200626470706773752e+00
-1.198071470452739096e+00
-1.193647766023136603e+00
-1.198508136900363619e+00
-1.199467057143310145e+00
-1.194454918158605272e+00
-1.196176609610992037e+00
-1.196111989380157947e+00
-1.201198981912696029e+00
-1.203320349887067042e+00
-1.194761904537486208e+00
-1.188751015525543409e+00
-1.182811173412863237e+00
-1.179609272530416142e+00
-1.189655275751448693e+00
-1.192104205105287695e+00
-1.191820328306698151e+00
-1.200109619809079708e+00
-1.199538377975437831e+00
-1.205763605787138815e+00
-1.207862308022948250e+00
-1.196698039072864095e+00
-1.194415767068995438e+00
-1.184748467366069091e+00
-1.181607544857925518e+00
-1.195960205650695496e+00
-1.204909476642621602e+00
-1.216016033111440464e+00
-1.225981248885791519e+00
-1.231084469506161572e+00
-1.231883100533293973e+00
-1.229101777379709048e+00
-1.224492536553602573e+00
-1.220728251662859920e+00
-1.222545089439835087e+00
-1.225178668538246640e+00
-1.236061024273140907e+00
-1.238152071715173275e+00
-1.236802309540513622e+00
-1.242028302517483196e+00
-1.233219958425119778e+00
-1.231635159811179880e+00
-1.221097331222131599e+00
-1.215780336097026515e+00
-1.216620943466810489e+00
-1.205315769384890157e+00
-1.205441617545481403e+00
-1.199808033130883578e+00
-1.195635046057244466e+00
-1.198345679848240142e+00
-1.195115328651737308e+00
-1.195088579993219158e+00
-1.196024145735995248e+00
-1.195354567830908321e+00
-1.193634537660016370e+00
-1.187713353011101036e+00
-1.192977486828599387e+00
-1.200433162369588302e+00
-1.205665235124294687e+00
-1.211641691414414135e+00
-1.213409326046176462e+00
-1.205711288014395866e+00
-1.197670230784030121e+00
-1.186026201081290976e+00
-1.176270207310160076e+00
-1.175671755453778555e+00
-1.173666308336171804e+00
-1.174284533504158068e+00
-1.181903880553154762e+00
-1.192594013470193115e+00
-1.206763856712912864e+00
-1.217146667556897821e+00
-1.224524774352074630e+00
-1.225583079026536959e+00
-1.235338063009945531e+00
-1.238584283211445758e+00
-1.235811046477535813e+00
-1.236324376889862409e+00
-1.235281557307659206e+00
-1.233593550681552964e+00
-1.235396421121956578e+00
-1.232893905937696877e+00
-1.221653209408482210e+00
-1.213317075415880852e+00
-1.204629380439433906e+00
-1.199695416813677307e+00
-1.194979795238261699e+00
-1.174376300344837754e+00
-1.162791066023474151e+00
-1.149565288778802374e+00
-1.143916079868848579e+00
-1.155995160476787520e+00
-1.155952482406594539e+00
-1.156094391220712447e+00
-1.150963127050115498e+00
-1.142716101939308393e+00
-1.142394142604441054e+00
-1.143672409792280575e+00
-1.140655232753153836e+00
-1.132351914996532871e+00
-1.124478774603964837e+00
-1.115248186064188074e+00
-1.111887879415516478e+00
-1.107763296331875313e+00
-1.100638368372366171e+00
-1.100341773241348298e+00
-1.099748385130755457e+00
-1.098951141026485390e+00
-1.106809470057724454e+00
-1.107363387290123180e+00
-1.112671729286659916e+00
-1.115926784226162871e+00
-1.119814537927794174e+00
-1.130462158311765997e+00
-1.127721067151211898e+00
-1.133651890143754226e+00
-1.136302490328101378e+00
-1.130566148320448994e+00
-1.150907949670617825e+00
-1.156933873286711156e+00
-1.166265864801917074e+00
-1.180540324145241016e+00
-1.172786318598598498e+00
-1.174884418786754869e+00
-1.179947920229265756e+00
-1.184998274610630009e+00
-1.200195797881737247e+00
-1.208836659793317114e+00
-1.222833841130076094e+00
-1.233041563731468448e+00
-1.244498125448664450e+00
-1.252781386878170755e+00
-1.247241906633167918e+00
-1.255344450434574100e+00
-1.257911069200602805e+00
-1.257061593213040895e+00
-1.262831318246182777e+00
-1.257397832684608474e+00
-1.264592753012476090e+00
-1.277144633295319576e+00
-1.276266132278013776e+00
-1.283813360685157834e+00
-1.289211459075786603e+00
-1.290567762300593113e+00
-1.301606201682182329e+00
-1.308923738911011547e+00
-1.313270850166931014e+00
-1.315702591447251102e+00
-1.304202293396539147e+00
-1.300652616033791231e+00
-1.296308219054902899e+00
-1.288101043436270965e+00
-1.286963438402696669e+00
-1.269191358983184248e+00
-1.266656928802151416e+00
-1.253447347315039373e+00
-1.232521849772812317e+00
-1.223547917256665007e+00
-1.204376622825618082e+00
-1.192222956438204751e+00
-1.179641813846077580e+00
-1.161901264930389699e+00
-1.151760653693592484e+00
-1.142785665855098998e+00
-1.135655393483990583e+00
-1.128751184868784341e+00
-1.115195968631655932e+00
-1.106083439572621119e+00
-1.098375118773488479e+00
-1.090499029115618246e+00
-1.097741087218819800e+00
-1.095731816783677814e+00
-1.100783541536465293e+00
-1.112402684900993144e+00
-1.100280738928043567e+00
-1.097163821275479512e+00
-1.105343986810045420e+00
-1.087265863502854479e+00
-1.079353332202718896e+00
-1.079385915926521555e+00
-1.065293530975259806e+00
-1.064301363157130309e+00
-1.067132225891715747e+00
-1.056422072414721747e+00
-1.051115031181139470e+00
-1.050726878819374432e+00
-1.037979597682060273e+00
-1.035192233708314369e+00
-1.040306932588259903e+00
-1.036633588519759286e+00
-1.049347063633457422e+00
-1.062150143743028075e+00
-1.064870352272586640e+00
-1.091051495540045435e+00
-1.100213718759484038e+00
-1.106637445444706103e+00
-1.119524889786417621e+00
-1.117003904629683797e+00
-1.125275004668536027e+00
-1.137120806277436058e+00
-1.152686775601326818e+00
-1.168913984734577083e+00
-1.174216469905595472e+00
-1.184516814170944565e+00
-1.194709785220538834e+00
-1.206453735579316566e+00
-1.222783549869401520e+00
-1.228973036764388072e+00
-1.229087622740682617e+00
-1.232129685230081151e+00
-1.224299981136302229e+00
-1.222613290767441407e+00
-1.236627378528573518e+00
-1.232685051582413704e+00
-1.229340130134069398e+00
-1.236131275039596078e+00
-1.228995212423426020e+00
-1.238989192782721016e+00
-1.245455480179544772e+00
-1.236871153422324454e+00
-1.235069468539070181e+00
-1.228424347725995736e+00
-1.223867007173669919e+00
-1.228339186515656101e+00
-1.233689839924951404e+00
-1.234924455253075370e+00
-1.232113610641927037e+00
-1.234137302958669302e+00
-1.236399064754445387e+00
-1.233138650064908415e+00
-1.232355451736121488e+00
-1.211814223897927034e+00
-1.191545024093768168e+00
-1.170245788257860964e+00
-1.151204775022965920e+00
-1.146200542539195455e+00
-1.127045050835388862e+00
-1.110810106290313515e+00
-1.090663599206713741e+00
-1.076193655537462268e+00
-1.074390531696412188e+00
-1.069010128435400553e+00
-1.068048566580014125e+00
-1.069890898482842800e+00
-1.072621742775702769e+00
-1.082465774490069643e+00
-1.080040203204166049e+00
-1.086909234843772110e+00
-1.090488409110507595e+00
-1.087408589857755237e+00
-1.093989138801649830e+00
-1.093890974279111861e+00
-1.097368422752319717e+00
-1.091890572841381912e+00
-1.089145223377187888e+00
-1.094586383275875763e+00
-1.087538754378451600e+00
-1.092788534976439685e+00
-1.095421090507642026e+00
-1.091744194421065295e+00
-1.096707564671917545e+00
-1.095007717869891373e+00
-1.099242245860646339e+00
-1.109037771749327383e+00
-1.109471074194215312e+00
-1.118083404234248457e+00
-1.131847394947458119e+00
-1.141762178966238439e+00
-1.156406672825476489e+00
-1.165477502477397787e+00
-1.168724626335213124e+00
-1.173692421367353855e+00
-1.176459441828760832e+00
-1.186003323309033020e+00
-1.189540320757817682e+00
-1.200699133320648038e+00
-1.218117655456811166e+00
-1.229942312860486497e+00
-1.245318823188337420e+00
-1.265225993989491871e+00
-1.280630955196651932e+00
-1.277045551549060631e+00
-1.283946615571843308e+00
-1.296231063535171923e+00
-1.294644485722993066e+00
-1.294920178203588623e+00
-1.290055058440783942e+00
-1.283438787407702231e+00
-1.297007156459597521e+00
-1.304938343836835601e+00
-1.305813043922640970e+00
-1.308351759248017609e+00
-1.293275675661786250e+00
-1.282416134395572671e+00
-1.273898225421336461e+00
-1.261673136056519873e+00
-1.264483731917282583e+00
-1.258300845978398419e+00
-1.248270017897179951e+00
-1.240675082849717947e+00
-1.230154220637199147e+00
-1.223857798104081462e+00
-1.213208613627452692e+00
-1.213826390415026824e+00
-1.208790695516256175e+00
-1.199602340627309305e+00
-1.201245994881471102e+00
-1.195144380026412101e+00
-1.184921844421212178e+00
-1.182610683659464534e+00
-1.171048119514888963e+00
-1.165513190364479312e+00
-1.157842483126458655e+00
-1.156388441798503752e+00
-1.157981994060017339e+00
-1.151172258125344516e+00
-1.147479109161872568e+00
-1.139181861980955279e+00
-1.127019317174896562e+00
-1.123330815017490103e+00
-1.116018912034724142e+00
-1.106858732773355225e+00
-1.094766774195479853e+00
-1.083382682171489364e+00
-1.078288264308628674e+00
-1.077411205504140268e+00
-1.078580353509154488e+00
-1.084277453638574640e+00
-1.095156639473627624e+00
-1.101493498738127297e+00
-1.119821774405422410e+00
-1.133933280504466401e+00
-1.128401889289261106e+00
-1.139074050126968274e+00
-1.139421123927885082e+00
-1.133918685401365645e+00
-1.152998627441546686e+00
-1.159964394638054896e+00
-1.172112572668558172e+00
-1.185975183528232613e+00
-1.187546699002438810e+00
-1.204996574594958236e+00
-1.221161437942035688e+00
-1.228469105411870599e+00
-1.244418563096450825e+00
-1.258220054528149667e+00
-1.261813459117886893e+00
-1.275742159711500179e+00
-1.285988649658088123e+00
-1.286145656470187859e+00
-1.287057146886595227e+00
-1.289675648084062765e+00
-1.294201583644307041e+00
-1.306674912804307365e+00
-1.319186448781390908e+00
-1.322710479216770318e+00
-1.318491854223584170e+00
-1.304657793978577285e+00
-1.292363160430828106e+00
-1.281564428495139962e+00
-1.276623098033491388e+00
-1.269338094556876184e+00
-1.262940310182407488e+00
-1.253374165332131529e+00
-1.244647643831806372e+00
-1.240694925304307805e+00
-1.229699038199844718e+00
-1.237398016785980159e+00
-1.240747273382137639e+00
-1.230674366005718223e+00
-1.238948871344055513e+00
-1.236113265252522408e+00
-1.229271371617869812e+00
-1.222960759695417954e+00
-1.200442774260874090e+00
-1.184090571786201362e+00
-1.166767797679919116e+00
-1.144765251097004111e+00
-1.131358127588926843e+00
-1.123697004806391009e+00
-1.121718410346192130e+00
-1.120325216260637191e+00
-1.116978826890455245e+00
-1.110215028065572040e+00
-1.102247555034038262e+00
-1.100060346644872178e+00
-1.094689872931569274e+00
-1.086405544107950538e+00
-1.083657664338097515e+00
-1.072721197491230516e+00
-1.077420196892853177e+00
-1.087534578986377065e+00
-1.091040854927386228e+00
-1.103484617091078146e+00
-1.106095673111729294e+00
-1.118268449878811133e+00
-1.127956732969448872e+00
-1.128826421939561619e+00
-1.141497911576947688e+00
-1.136105482369266229e+00
-1.130318357522210437e+00
-1.133643273370049442e+00
-1.137981833662209175e+00
-1.144819141371583138e+00
-1.144338628232492105e+00
-1.146427633624616638e+00
-1.143961548526060135e+00
-1.143882943545007747e+00
-1.160920826983634191e+00
-1.176614109289425780e+00
-1.196642642848462224e+00
-1.218019678084886204e+00
-1.232683786641464163e+00
-1.248707187706158628e+00
-1.262610215973027028e+00
-1.272060415006472489e+00
-1.273651059002717689e+00
-1.275396043548350455e+00
-1.270419166154507229e+00
-1.270324676584442480e+00
-1.276562874514192814e+00
-1.273882403786643858e+00
-1.279360450993386022e+00
-1.283432353209502219e+00
-1.289318839842867437e+00
-1.300654246664478819e+00
-1.300537156591909493e+00
-1.305571188393925830e+00
-1.310708241513376837e+00
-1.312393618873111567e+00
-1.316247612156822067e+00
-1.312878772004131278e+00
-1.309969572406539218e+00
-1.309712314646216846e+00
-1.307264327682364558e+00
-1.296886643242309844e+00
-1.289059451255152089e+00
-1.279928554561635456e+00
-1.270285319066280616e+00
-1.270662435334230178e+00
-1.245539148955093989e+00
-1.208623394792619044e+00
-1.187703731547945951e+00
-1.161895765549647574e+00
-1.152957608317186411e+00
-1.151905490141585942e+00
-1.145919650047471317e+00
-1.147294860473089484e+00
-1.140962601684809341e+00
-1.140079091840319858e+00
-1.136247291990414077e+00
-1.135708904766398630e+00
-1.140696369362124374e+00
-1.139522936809953313e+00
-1.144527254293993934e+00
-1.144132039961338831e+00
-1.139945317345221421e+00
-1.142224354669233000e+00
-1.130531256865533241e+00
-1.122163121725894497e+00
-1.119783375293009087e+00
-1.117215176770554708e+00
-1.123712040435226767e+00
-1.123720327385134388e+00
-1.119059542929671691e+00
-1.118839832022533010e+00
-1.117744410434248437e+00
-1.113587135962851749e+00
-1.116175908213131729e+00
-1.118333606883129328e+00
-1.121632291352068211e+00
-1.131025106440597394e+00
-1.138412367617415821e+00
-1.150917459465774950e+00
-1.159544297124789569e+00
-1.173517376227046993e+00
-1.183500472108813151e+00
-1.183664272738634837e+00
-1.191139997416158947e+00
-1.193107962889474738e+00
-1.193529283679691355e+00
-1.191113709713312874e+00
-1.189817669871795935e+00
-1.188153272587847864e+00
-1.194217384956927974e+00
-1.207771868178316943e+00
-1.216358837138935778e+00
-1.225514101617338314e+00
-1.228924058291007482e+00
-1.231732765157909748e+00
-1.238933929111819765e+00
-1.239186865859784881e+00
-1.237448227678534574e+00
-1.232711893303001682e+00
-1.234807423703576656e+00
-1.243515196915423449e+00
-1.248431757897812133e+00
-1.257497934559202113e+00
-1.273324298551635092e+00
-1.281725745186609311e+00
-1.295539128806696860e+00
-1.295638877999731431e+00
-1.295349715028774495e+00
-1.292542727296469574e+00
-1.279544953522270045e+00
-1.279215839158476475e+00
-1.269516717766469016e+00
-1.258242311115772782e+00
-1.254418544996131146e+00
-1.244986806718947125e+00
-1.241280239603941959e+00
-1.236697119645555176e+00
-1.225284657143897560e+00
-1.218047463316803025e+00
-1.202558659190796408e+00
-1.198984643863292954e+00
-1.197148312749402255e+00
-1.184619737021723074e+00
-1.185854170827454146e+00
-1.179192913632551853e+00
-1.171149835091337410e+00
-1.169298128563192929e+00
-1.160826724846592661e+00
-1.160721958477605398e+00
-1.159663871465693941e+00
-1.151226133860612677e+00
-1.151759694088683172e+00
-1.149501284721065497e+00
-1.149274045030688418e+00
-1.153634009036823116e+00
-1.149809594349980646e+00
-1.152779799103074376e+00
-1.155793003666991670e+00
-1.156389443777919190e+00
-1.165663524622591929e+00
-1.162992194893447406e+00
-1.165850389350132410e+00
-1.169284456087596791e+00
-1.162007686303381471e+00
-1.179323801603006094e+00
-1.186659594219350300e+00
-1.186025511662071041e+00
-1.198624322260907649e+00
-1.194587080399527546e+00
-1.194217756355922200e+00
-1.200219545970267587e+00
-1.190644415414905177e+00
-1.189487076703338309e+00
-1.194503482181723086e+00
-1.193136683512792562e+00
-1.203714593865135463e+00
-1.212894191792395659e+00
-1.216732007498687818e+00
-1.226438288072555727e+00
-1.229888410607921090e+00
-1.238689592766234915e+00
-1.252663244368678930e+00
-1.260171651404060844e+00
-1.268098574903794962e+00
-1.273275895155702386e+00
-1.278565868803780203e+00
-1.291990816091029393e+00
-1.299887900949311170e+00
-1.304661434323146407e+00
-1.305273361535640442e+00
-1.306646702212483913e+00
-1.309750963000649859e+00
-1.309708834180280501e+00
-1.313127123475173574e+00
-1.306834201101995996e+00
-1.301107169989319745e+00
-1.303284286545013826e+00
-1.297592777472373005e+00
-1.298882327832854955e+00
-1.292496312376405276e+00
-1.269526502597209117e+00
