-8.619983401696144938e+02
-8.623722472980623479e+02
-8.629411086163664777e+02
-8.630948543089950817e+02
-8.629789824462329761e+02
-8.629288621020398296e+02
-8.631711380011996653e+02
-8.629718766608835949e+02
-8.628377775132678380e+02
-8.631219306944216214e+02
-8.629343796418221473e+02
-8.627916690496869023e+02
-8.628436835513975893e+02
-8.626173346483429896e+02
-8.625838874963332046e+02
-8.630613715114222941e+02
-8.629189691271903939e+02
-8.626523126832752268e+02
-8.627500733038569933e+02
-8.629189961868891032e+02
-8.632184179814272511e+02
-8.631661250386895290e+02
-8.628627268480860266e+02
-8.631346881392965997e+02
-8.631109640307655582e+02
-8.629017159303779181e+02
-8.630802670336723850e+02
-8.631269090137286639e+02
-8.629141954326424866e+02
-8.629481331903094770e+02
-8.630057194881255782e+02
-8.630382405480232819e+02
-8.631214859834054778e+02
-8.634179598528514816e+02
-8.636573743359434729e+02
-8.635062678769165814e+02
-8.633238508269679414e+02
-8.634643390066860320e+02
-8.632370405515806624e+02
-8.629186372486100254e+02
-8.631029152387687873e+02
-8.630313514690292322e+02
-8.632174620696022203e+02
-8.634813814368741305e+02
-8.632409963542420428e+02
-8.635572957844636903e+02
-8.639780784150916588e+02
-8.637020160105860214e+02
-8.634157432438182695e+02
-8.632455762433612563e+02
-8.634502598765294579e+02
-8.633763228477486109e+02
-8.628062876061086399e+02
-8.629479837822991612e+02
-8.634610141989484191e+02
-8.630002659156785967e+02
-8.625376483161867327e+02
-8.630246525404945714e+02
-8.631461533783850655e+02
-8.630487047529964002e+02
-8.631675349406153828e+02
-8.631335812182512655e+02
-8.634948594030184950e+02
-8.635144564041872854e+02
-8.634829181415254880e+02
-8.636884927087520509e+02
-8.633432078739007238e+02
-8.632030422344682847e+02
-8.633610121692174744e+02
-8.631867873627712697e+02
-8.635125853312412119e+02
-8.634665109283059792e+02
-8.636848490694220573e+02
-8.637332036185071047e+02
-8.634011951616663509e+02
-8.636445754402960802e+02
-8.637614503712676424e+02
-8.633571214210471680e+02
-8.634180933868066177e+02
-8.634462509953226572e+02
-8.629505618265884550e+02
-8.631717896919025179e+02
-8.633793223092038716e+02
-8.630966958773644819e+02
-8.629134949060921826e+02
-8.627909266245667368e+02
-8.630115340134327653e+02
-8.630585341134733426e+02
-8.625152558528765212e+02
-8.626095031193167415e+02
-8.626776876012959292e+02
-8.622707680783028081e+02
-8.624884493711469986e+02
-8.623572646585715802e+02
-8.624076507387069341e+02
-8.629906872360696752e+02
-8.627390855632846751e+02
-8.625657222217598701e+02
-8.629588155453387799e+02
-8.630059338653455825e+02
-8.629405601871019371e+02
-8.629855046191634074e+02
-8.630652491625901348e+02
-8.631964884671664322e+02
-8.633336613389677723e+02
-8.634219760927310290e+02
-8.635105187551224617e+02
-8.633779020357593481e+02
-8.630849838045265869e+02
-8.629678478676216855e+02
-8.629182159413478530e+02
-8.627523480064926389e+02
-8.625103980998148927e+02
-8.623811979373818986e+02
-8.629380927204957743e+02
-8.630603752756845779e+02
-8.627869849284772954e+02
-8.628428223291206223e+02
-8.628053945920150909e+02
-8.628389400655203190e+02
-8.627931061221383970e+02
-8.624552006935894042e+02
-8.627110536648236803e+02
-8.628640687373092533e+02
-8.628701265820308208e+02
-8.634864002800953813e+02
-8.636615115898795239e+02
-8.634329862089952030e+02
-8.632752293648292152e+02
-8.633234772373335772e+02
-8.635608019097173838e+02
-8.633515945122327366e+02
-8.630513248329571070e+02
-8.632615452082704905e+02
-8.632478265457348243e+02
-8.630743587322741632e+02
-8.629595642242552458e+02
-8.630845541726195052e+02
-8.630457314309937829e+02
-8.631103329053376001e+02
-8.631728009062672982e+02
-8.630321539133541364e+02
-8.630261160067620949e+02
-8.632333828410205570e+02
-8.630354297254160656e+02
-8.628678203227328822e+02
-8.626425814992253436e+02
-8.623894134890979331e+02
-8.624934604499188708e+02
-8.626889511149968257e+02
-8.626658132358672901e+02
-8.631356352862010226e+02
-8.630477208385377708e+02
-8.628552656477137361e+02
-8.632455410733427925e+02
-8.632033828695130069e+02
-8.630120401670927777e+02
-8.629517229701167480e+02
-8.627336661000831555e+02
-8.628586544580991813e+02
-8.631145547854043798e+02
-8.631669213833216645e+02
-8.632159671284299520e+02
-8.630131245229857768e+02
-8.630146429001434853e+02
-8.633744807563299446e+02
-8.631377627855799801e+02
-8.631032254673060606e+02
-8.633917962326071347e+02
-8.631250359139644388e+02
-8.628511772643080349e+02
-8.632293452977979769e+02
-8.633002478030221027e+02
-8.628740366104161694e+02
-8.628101875736248303e+02
-8.628123456625148719e+02
-8.628822119810165532e+02
-8.629234096083195027e+02
-8.626584245834409330e+02
-8.629402232625579927e+02
-8.628760993772398251e+02
-8.622989696734297240e+02
-8.622233058404970052e+02
-8.626224399408870340e+02
-8.626832110464016523e+02
-8.625382169293395691e+02
-8.625417488375325092e+02
-8.626812009736596565e+02
-8.626453881124152758e+02
-8.630541895284551401e+02
-8.632247154031215359e+02
-8.630738026952943756e+02
-8.629236793208195877e+02
-8.630355997810884219e+02
-8.634676105243303255e+02
-8.632821339263965683e+02
-8.631306329152985199e+02
-8.633007973344253969e+02
-8.632440628313402158e+02
-8.628867257854237778e+02
-8.625892156862576030e+02
-8.629011951756302778e+02
-8.630486501603294300e+02
-8.628139606169037279e+02
-8.626504599574279837e+02
-8.626160636385380940e+02
-8.629771166505411202e+02
-8.632852173459160667e+02
-8.628890473013232167e+02
-8.626845028841950125e+02
-8.627916082547575343e+02
-8.629635307899466170e+02
-8.629225241145346672e+02
-8.626486313531073620e+02
-8.624007102284051598e+02
-8.622808702883581873e+02
-8.625557885751079539e+02
-8.625223873335791041e+02
-8.622849141631862722e+02
-8.627288879783593529e+02
-8.628073735097175359e+02
-8.630414875084605910e+02
-8.633872621061922246e+02
-8.632557942729512206e+02
-8.631399593994251518e+02
-8.630081998594857851e+02
-8.629995972493535419e+02
-8.628298577634469666e+02
-8.625247474804884860e+02
-8.623156013996155025e+02
-8.621348110267949778e+02
-8.624924071018972427e+02
-8.628464141151039257e+02
-8.626069998141935002e+02
-8.625151169365327632e+02
-8.625262883162838534e+02
-8.628317271013312393e+02
-8.627591367918413425e+02
-8.626274824496182418e+02
-8.628009155622837625e+02
-8.624671240984705491e+02
-8.628627617666701326e+02
-8.633192699878792382e+02
-8.632092498815935642e+02
-8.634141025279550377e+02
-8.634387498997261901e+02
-8.635064380830358459e+02
-8.636058749623547328e+02
-8.632052209233688700e+02
-8.626896096723718301e+02
-8.629702857670660023e+02
-8.629503420965368150e+02
-8.626722817876679983e+02
-8.629438524791328291e+02
-8.630563761763340835e+02
-8.629121686670623603e+02
-8.631256536102081327e+02
-8.630723688410712384e+02
-8.628733507012212840e+02
-8.628804139475823831e+02
-8.627462747630755757e+02
-8.626883689895503267e+02
-8.629672008151090949e+02
-8.629960568575587558e+02
-8.627371308305782804e+02
-8.626837410145787999e+02
-8.629689230528401822e+02
-8.632516708812822799e+02
-8.628864871950991073e+02
-8.626383405647382006e+02
-8.627191982092424496e+02
-8.628975631754572078e+02
-8.630459171211608691e+02
-8.627465991709320861e+02
-8.626072275064259429e+02
-8.627518054514340520e+02
-8.627052094816202725e+02
-8.627243933199780486e+02
-8.628925216099601130e+02
-8.629763508235635072e+02
-8.626978664649697066e+02
-8.629158854402176075e+02
-8.632077547790637482e+02
-8.633480247714786628e+02
-8.637514218811992350e+02
-8.634433290224309303e+02
-8.635066464575936607e+02
-8.637017907068785689e+02
-8.632662067479142252e+02
-8.629952312776563303e+02
-8.627922978397340330e+02
-8.620863783954899873e+02
-8.621385363610512513e+02
-8.619879623846354662e+02
-8.618221267717067349e+02
-8.621476280529846008e+02
-8.618423899872539096e+02
-8.617831955081612705e+02
-8.622097141552283119e+02
-8.620563229414684656e+02
-8.625072950605882625e+02
-8.626895288648012183e+02
-8.620254761978827673e+02
-8.624103649834607950e+02
-8.626555876374875425e+02
-8.627439129730188370e+02
-8.629961635178990491e+02
-8.623686596202586543e+02
-8.620498629099467962e+02
-8.625945156173593205e+02
-8.631108021068882863e+02
-8.630931867993901960e+02
-8.625294124156841917e+02
-8.623730636725181284e+02
-8.626649534449855992e+02
-8.630705339651806298e+02
-8.633532413518903468e+02
-8.627518680024023752e+02
-8.624990373976987712e+02
-8.625766810531256397e+02
-8.625442949706122135e+02
-8.629683704075091555e+02
-8.630358920733334571e+02
-8.630158269732723966e+02
-8.634281795557018313e+02
-8.631630553595908850e+02
-8.629177678623600514e+02
-8.633937184027639660e+02
-8.637428813474168692e+02
-8.632154070014337321e+02
-8.627005531499489734e+02
-8.628243984007646077e+02
-8.629191341405868343e+02
-8.627929509784214588e+02
-8.625857692934523584e+02
-8.625669906018506481e+02
-8.625321317804828141e+02
-8.624519836303123839e+02
-8.627457446880854377e+02
-8.629032360116539166e+02
-8.628898272654905668e+02
-8.626487350806543191e+02
-8.625477634707267498e+02
-8.627216277338241071e+02
-8.624394536453188493e+02
-8.625094012068013853e+02
-8.626717858957276803e+02
-8.621628840307591872e+02
-8.626523188588589619e+02
-8.630768944607052617e+02
-8.630059408083575363e+02
-8.635232991603602386e+02
-8.632725093631602249e+02
-8.631318738292404760e+02
-8.635013528019071600e+02
-8.632872311140461079e+02
-8.632412897722431353e+02
-8.634140654904431358e+02
-8.630697336563281397e+02
-8.633001581289873911e+02
-8.634206989002485670e+02
-8.633865923879204729e+02
-8.636388858983392538e+02
-8.633934831372134795e+02
-8.633939950667560197e+02
-8.635866685805634688e+02
-8.637947097821095213e+02
-8.638466520405299889e+02
-8.635003394806922188e+02
-8.632779318220794949e+02
-8.631541481674769329e+02
-8.628976844417658185e+02
-8.625729155422803842e+02
-8.624667064686548201e+02
-8.621947148336269038e+02
-8.621250016037733985e+02
-8.624739889250548686e+02
-8.624203821641510785e+02
-8.624143875713726857e+02
-8.624914687706890390e+02
-8.623390293242895268e+02
-8.625166194012443839e+02
-8.623737826293345279e+02
-8.621877398533326868e+02
-8.622860349087713985e+02
-8.622135813005669434e+02
-8.622726963467066525e+02
-8.623091545603959958e+02
-8.624473151777330031e+02
-8.625031294152670398e+02
-8.623671738350133182e+02
-8.623733206768273476e+02
-8.623086262198218037e+02
-8.625179649747868780e+02
-8.624360294238999813e+02
-8.620816191864415714e+02
-8.621257765102309349e+02
-8.619848208465075459e+02
-8.622915238636376216e+02
-8.624957767575725711e+02
-8.622311369383770625e+02
-8.624418560576400523e+02
-8.623322992312962469e+02
-8.622778044201924104e+02
-8.624817662596112768e+02
-8.621397823480009492e+02
-8.618061539727560785e+02
-8.616996405786034074e+02
-8.616005789365736973e+02
-8.615660997145919282e+02
-8.619630615230493049e+02
-8.623102794689860957e+02
-8.623027585904453645e+02
-8.626535499492939607e+02
-8.626340197088667310e+02
-8.627400262801744475e+02
-8.632137927965492281e+02
-8.628233353641240910e+02
-8.627360372781938622e+02
-8.627652316382616391e+02
-8.628271114858662258e+02
-8.633243404129286773e+02
-8.631418248046588815e+02
-8.631159648127329547e+02
-8.631321064413127715e+02
-8.627326152081019472e+02
-8.627874139094402608e+02
-8.625318848481864507e+02
-8.622406289445746097e+02
-8.624755126410013872e+02
-8.620185227824663343e+02
-8.620787299652157571e+02
-8.625537922057302467e+02
-8.624958386199809866e+02
-8.627939500146151204e+02
-8.630467877335838693e+02
-8.630467206811151755e+02
-8.632429909995086064e+02
-8.636121324181166301e+02
-8.635656207102199460e+02
-8.632657908907756337e+02
-8.632051625390416802e+02
-8.629108816433548554e+02
-8.627993200594910377e+02
-8.631585560041527287e+02
-8.629573801009571525e+02
-8.626989038562569476e+02
-8.628799378342120008e+02
-8.629959808430544399e+02
-8.632397144867601355e+02
-8.633396881427395329e+02
-8.630976606380128260e+02
-8.628677705160607729e+02
-8.626328882526402140e+02
-8.627606461520973653e+02
-8.625550164172617542e+02
-8.625583995868228158e+02
-8.625408696048799584e+02
-8.622476343701619044e+02
-8.626787221722286176e+02
-8.627654062241190331e+02
-8.626726558256863200e+02
-8.627607121208779972e+02
-8.624448183132791428e+02
-8.629208400324479271e+02
-8.633481309665928620e+02
-8.627477609751554155e+02
-8.627554581116919508e+02
-8.628932652735913962e+02
-8.628804361185905236e+02
-8.630896765457688389e+02
-8.628165239291774924e+02
-8.628129613022647391e+02
-8.629837992100964357e+02
-8.626214273678197060e+02
-8.628117345977744890e+02
-8.631185875059441059e+02
-8.629820697526847653e+02
-8.632660514357548891e+02
-8.630747917872458856e+02
-8.628837231409072501e+02
-8.635688992778729016e+02
-8.635953790583479304e+02
-8.634055219079333483e+02
-8.636633299575059937e+02
-8.632939542429660378e+02
-8.630279778244153022e+02
-8.630276231260572786e+02
-8.627944253279160876e+02
-8.631713384554934692e+02
-8.631259231363509343e+02
-8.627187323767847147e+02
-8.628654905516070812e+02
-8.629579738934556872e+02
-8.629906334119298208e+02
-8.630668133456125588e+02
-8.628844980733482544e+02
-8.625377266336217872e+02
-8.626327973830771043e+02
-8.627890597052765997e+02
-8.626086014467194900e+02
-8.628195192825992308e+02
-8.628144032250937698e+02
-8.627289474109513776e+02
-8.628063349988586879e+02
-8.625438153322023709e+02
-8.625828800859407011e+02
-8.629073617212939098e+02
-8.627741056660000822e+02
-8.625896622136062888e+02
-8.626372789224647022e+02
-8.628644393698374415e+02
-8.631160966596288517e+02
-8.633962046911505013e+02
-8.634768213189620383e+02
-8.632599701340183174e+02
-8.632822837899300339e+02
-8.632103350204893104e+02
-8.631516939738202154e+02
-8.631166800907152492e+02
-8.624327911483053413e+02
-8.623063103209719884e+02
-8.625565491111332221e+02
-8.623209302274651691e+02
-8.625381757105652696e+02
-8.626456569183509373e+02
-8.623134956619513787e+02
-8.625349943121361775e+02
-8.625408863273107727e+02
-8.624371605011857582e+02
-8.626005846811748370e+02
-8.623030509616863810e+02
-8.622604126716211113e+02
-8.623294774832179428e+02
-8.622919420386726870e+02
-8.625706846744042195e+02
-8.626812240638209914e+02
-8.625307230796962585e+02
-8.627375110143523216e+02
-8.629765263182248418e+02
-8.626538357050174000e+02
-8.626296091230168486e+02
-8.627866216314941994e+02
-8.628328743269739789e+02
-8.629828683744632372e+02
-8.627199223166230695e+02
-8.626281106438360666e+02
-8.632142527724498677e+02
-8.627946348410678183e+02
-8.629091976063190259e+02
-8.634674833201669344e+02
-8.628116605427786681e+02
-8.626990336225992451e+02
-8.628970233944196480e+02
-8.625200401079962376e+02
-8.625922797069864600e+02
-8.628353633852671010e+02
-8.628338269021746783e+02
-8.625865034910350460e+02
-8.628856927514602830e+02
-8.631737856177746835e+02
-8.631196086784653971e+02
-8.631560489798002891e+02
-8.628919284033656822e+02
-8.630698713016801094e+02
-8.634791000808111221e+02
-8.633276604637567289e+02
-8.633726460650176477e+02
-8.630915308339980356e+02
-8.631307050231855555e+02
-8.635166434057163087e+02
-8.630108517815413052e+02
-8.627875272161901421e+02
-8.628622168822998901e+02
-8.626155013217215810e+02
-8.627901805447500010e+02
-8.626794593701295071e+02
-8.626493491287554889e+02
-8.630945175679303247e+02
-8.630333529296362940e+02
-8.627368263874737977e+02
-8.630190425460699544e+02
-8.631545990947305427e+02
-8.627257262299060585e+02
-8.627768411663346342e+02
-8.628847434993167553e+02
-8.628628244032985322e+02
-8.630550687551462943e+02
-8.628295705506255899e+02
-8.629411719665681630e+02
-8.631645440936329123e+02
-8.628612363358007542e+02
-8.631210522463333064e+02
-8.633696168582489463e+02
-8.631999829425756161e+02
-8.631727665086090155e+02
-8.630613654864260980e+02
-8.632444544549745160e+02
-8.634687960148914954e+02
-8.631695639684774051e+02
-8.628786357104016815e+02
-8.630131973895298643e+02
-8.631282451538937721e+02
-8.629181513398484640e+02
-8.631332821874124193e+02
-8.630410242744594598e+02
-8.629287896811673590e+02
-8.633774340597070704e+02
-8.634035645926737743e+02
-8.634701352247031991e+02
-8.632299558002661115e+02
-8.631191094355535824e+02
-8.636832398176262586e+02
-8.632597760158375877e+02
-8.629997665051738522e+02
-8.633814852421899104e+02
-8.629432818528476901e+02
-8.631769676092820873e+02
-8.635181866654204441e+02
-8.630684211172286950e+02
-8.634587869012443662e+02
-8.637351927413263866e+02
-8.634660613105809261e+02
-8.635516116100109230e+02
-8.636248252049941811e+02
-8.635217797007147738e+02
-8.634798770047400467e+02
-8.632724203712339204e+02
-8.633632083820567686e+02
-8.636913512231921004e+02
-8.638503230586447899e+02
-8.634651917694351368e+02
-8.632739019951285400e+02
-8.634326047571856861e+02
-8.634049963519817084e+02
-8.630415516771238345e+02
-8.627439516699860178e+02
-8.625829238042697398e+02
-8.624460216246862956e+02
-8.625441465612117327e+02
-8.627860959756970942e+02
-8.625676197941667169e+02
-8.627794683881816127e+02
-8.630801743660694001e+02
-8.630923489265672970e+02
-8.633419822655688449e+02
-8.634741797763369959e+02
-8.634976569379167586e+02
-8.633321428300724847e+02
-8.632155646267460725e+02
-8.634206838310461762e+02
-8.634667549148746275e+02
-8.631740219059003039e+02
-8.631636952751368881e+02
-8.633740057859325816e+02
-8.633819239417458675e+02
-8.636287870143808050e+02
-8.637992635317311851e+02
-8.638227754271396179e+02
-8.637959742281350373e+02
-8.636758980047632122e+02
-8.636481764694800631e+02
-8.637079220785640246e+02
-8.634712949442350691e+02
-8.632827380409936495e+02
-8.632857044300936877e+02
-8.633469828511516653e+02
-8.631144479792646962e+02
-8.630978627228057576e+02
-8.633700673976597955e+02
-8.633817277923026268e+02
-8.633466502900250816e+02
-8.636100289861376496e+02
-8.633720186224746840e+02
-8.633135229984012540e+02
-8.632575896300697877e+02
-8.631562180756183125e+02
-8.634873028426862902e+02
-8.634751679424623489e+02
-8.633407768966819731e+02
-8.636756942228286107e+02
-8.637256104089527753e+02
-8.636465283231923422e+02
-8.632531840367594214e+02
-8.631082091173351500e+02
-8.631056841628837901e+02
-8.625674106699940467e+02
-8.622883087363717323e+02
-8.623293955076592283e+02
-8.621757817381276254e+02
-8.625399145425190000e+02
-8.628192797778357317e+02
-8.631941530575230672e+02
-8.636846239832474339e+02
-8.635565049694769186e+02
-8.636407973915380580e+02
-8.640630172567834961e+02
-8.638708881317081705e+02
-8.639536193435902760e+02
-8.642079449501409272e+02
-8.638402613724139201e+02
-8.636454011744066293e+02
-8.635647085355521995e+02
-8.631875849291120630e+02
-8.631966817409388568e+02
-8.632021104817662263e+02
-8.630851770028716601e+02
-8.631530149953397313e+02
-8.630024693398877389e+02
-8.631700506223561433e+02
-8.633281002123193275e+02
-8.633934215783885975e+02
-8.636379875508335999e+02
-8.635836049235566634e+02
-8.636604400722595756e+02
-8.639763741099532126e+02
-8.636356132453809096e+02
-8.635868348352872772e+02
-8.636975037286150609e+02
-8.634962580511477199e+02
-8.635435135318798530e+02
-8.638325081662644607e+02
-8.634238589855526698e+02
-8.631249424960544729e+02
-8.634864524120426950e+02
-8.634105849922858624e+02
-8.638449691758671634e+02
-8.636898623733389968e+02
-8.633733914365556075e+02
-8.636751750866269504e+02
-8.630958565812128427e+02
-8.631673980409032083e+02
-8.635945698301712810e+02
-8.625381384997936038e+02
-8.627144563545730307e+02
-8.630716361776766234e+02
-8.623344436463310103e+02
-8.626197156747178951e+02
-8.627661506686802113e+02
-8.626305923403606357e+02
-8.632574195926708853e+02
-8.633580184070800669e+02
-8.632282550429022194e+02
-8.633041315921952901e+02
-8.633444204599982186e+02
-8.634292895769141296e+02
-8.635082505755945022e+02
-8.633061599331483649e+02
-8.632238028688005897e+02
-8.633830036650034572e+02
-8.634279697352516223e+02
-8.633440442151518255e+02
-8.630229282367733958e+02
-8.630436585201239268e+02
-8.631698989300548419e+02
-8.631875564758333894e+02
-8.630689821966540194e+02
-8.625824415572334374e+02
-8.625045748931024718e+02
-8.627422678664465820e+02
-8.626394588176488014e+02
-8.628483946748405060e+02
-8.627946765721244446e+02
-8.626846862657164365e+02
-8.629897641075879164e+02
-8.631312388173840873e+02
-8.631710746065321018e+02
-8.628618479043346952e+02
-8.625843934937846598e+02
-8.629583451476107712e+02
-8.630720270523286217e+02
-8.627166930468021064e+02
-8.627182942741427496e+02
-8.627914707671008046e+02
-8.629308516441695929e+02
-8.630873382284208901e+02
-8.630928705258131686e+02
-8.630542738927530309e+02
-8.630773734522300629e+02
-8.630219967379096033e+02
-8.630609107999857770e+02
-8.630648751580562248e+02
-8.630410612584989849e+02
-8.632450014433800334e+02
-8.632202455766231424e+02
-8.631708896735899543e+02
-8.634541656859798877e+02
-8.633370144400659001e+02
-8.629203087520576219e+02
-8.626895191765611344e+02
-8.627008539435796592e+02
-8.630515670154497911e+02
-8.626482075307829973e+02
-8.623574656468776993e+02
-8.625131870576276469e+02
-8.624519623530806030e+02
-8.626202392067057190e+02
-8.621763481220339145e+02
-8.620271929681308620e+02
-8.626020042323910957e+02
-8.622373658450061384e+02
-8.620348073929617385e+02
-8.621017620005973185e+02
-8.621986809089326016e+02
-8.626470688422676858e+02
-8.626756252969569232e+02
-8.627884437495455359e+02
-8.631530344680983262e+02
-8.630125748120640310e+02
-8.630235112093839689e+02
-8.631404288101128941e+02
-8.632570619225483597e+02
-8.631183884696910127e+02
-8.631583141429620127e+02
-8.632349579468656202e+02
-8.630329741167787461e+02
-8.630920337618643998e+02
-8.628262127856684174e+02
-8.626243449414818087e+02
-8.629319773818020849e+02
-8.633015756763944637e+02
-8.631881712843196510e+02
-8.629848878951465849e+02
-8.632769408054605265e+02
-8.636370618550577092e+02
-8.634948407732645137e+02
-8.634807901849252403e+02
-8.634512600717088162e+02
-8.633702267848224210e+02
-8.632768292793389264e+02
-8.632569157589426823e+02
-8.631141915234665021e+02
-8.627312044555391140e+02
-8.626903962495503038e+02
-8.626569641417486309e+02
-8.627742697567510959e+02
-8.628869705633001104e+02
-8.627644840292352910e+02
-8.626902989004444180e+02
-8.627155255394220603e+02
-8.630638275663984587e+02
-8.632243295125505256e+02
-8.630993833362116447e+02
-8.630742580454956396e+02
-8.628292108714650794e+02
-8.630462643513210423e+02
-8.629551381234757628e+02
-8.628181301764908540e+02
-8.631827639695957259e+02
-8.628597883070515309e+02
-8.630334265911210423e+02
-8.634445946499762385e+02
-8.628435062713133448e+02
-8.629694961881291420e+02
-8.631964674151809049e+02
-8.627701685838459298e+02
-8.631667981882835647e+02
-8.632592596214852847e+02
-8.628218682464503217e+02
-8.630696442999038709e+02
-8.630728249666335614e+02
-8.628131482784349373e+02
-8.628008832867211595e+02
-8.631294134586975133e+02
-8.630901647227306057e+02
-8.634414852582842741e+02
-8.635119126239869729e+02
-8.632239073955697677e+02
-8.636166111532153309e+02
-8.636670629219859165e+02
-8.636073948941808567e+02
-8.639776736259409518e+02
-8.636189081441302733e+02
-8.636690878349751301e+02
-8.637901962229555011e+02
-8.635922885549871353e+02
-8.636561546864011234e+02
-8.636082378601598748e+02
-8.633783963238182650e+02
-8.632388068654920517e+02
-8.631706338767570514e+02
-8.631106053970095218e+02
-8.629818644297853325e+02
-8.630345935170311122e+02
-8.628650792335948836e+02
-8.631906051575630272e+02
-8.634555539577239642e+02
-8.628463372907432358e+02
-8.628163360272960745e+02
-8.628939423175611410e+02
-8.626590481791704406e+02
-8.625387561557818117e+02
-8.624228334857619984e+02
-8.625741070394946064e+02
-8.628373701256588220e+02
-8.629668568648913833e+02
-8.628400002828180959e+02
-8.628942373114554130e+02
-8.631736334225635119e+02
-8.631578444853932979e+02
-8.632548308606867522e+02
-8.631937162924050426e+02
-8.633255313293673225e+02
-8.635139786917897027e+02
-8.632804884463273538e+02
-8.633175527881963944e+02
-8.631117942562129883e+02
-8.631107624654532628e+02
-8.633596532205497169e+02
-8.630645247385521088e+02
-8.629451046755997368e+02
-8.626062225658249645e+02
-8.626345630474340851e+02
-8.631901014395307357e+02
-8.630338247086702950e+02
-8.630464743356725421e+02
-8.629289684042759063e+02
-8.629722301015419816e+02
-8.631511794952583614e+02
-8.630141726064794057e+02
-8.629762049083935835e+02
-8.631007540759125050e+02
-8.629922295102049929e+02
-8.631278581585785332e+02
-8.628698915937214906e+02
-8.628577601112713182e+02
-8.630481106017195998e+02
-8.628664089130945740e+02
-8.627926358527350885e+02
-8.626616581788792928e+02
-8.629784072547588494e+02
-8.631627348531156940e+02
-8.629425084826893908e+02
-8.630866802433559997e+02
-8.629895135699764523e+02
-8.629444681969732756e+02
-8.628157879085517834e+02
-8.626105623896421548e+02
-8.629383301608553438e+02
-8.628093049965436876e+02
-8.625312829908144749e+02
-8.628237623219918078e+02
-8.627085542773429552e+02
-8.626383026724394085e+02
-8.627552532040346023e+02
-8.626063202393623897e+02
-8.625358605467338293e+02
-8.626191742478230253e+02
-8.630508856714375270e+02
-8.633495813778380352e+02
-8.633664006175704344e+02
-8.634678139207001095e+02
-8.636557005003689937e+02
-8.637537097005354099e+02
-8.637624484221237253e+02
-8.636835776548448393e+02
-8.634600179700212266e+02
-8.633102037333095495e+02
-8.633533744248088624e+02
-8.633589422835325422e+02
-8.633177253733499583e+02
-8.631541977169937354e+02
-8.631787015601844359e+02
-8.633882450972414517e+02
-8.633875140295266419e+02
-8.635748290467115567e+02
-8.635751178248558517e+02
-8.636303256311725818e+02
-8.637296467828350615e+02
-8.636071141224459780e+02
-8.638340045132464411e+02
-8.637294891282801927e+02
-8.634085179532297616e+02
-8.633499472537700967e+02
-8.633187695578349121e+02
-8.634311004715035551e+02
-8.634191706648534819e+02
-8.634063919498569248e+02
-8.634859415551604798e+02
-8.634553501730156313e+02
-8.637069369163349393e+02
-8.633744376398661871e+02
-8.629266524431105836e+02
-8.627838929882900629e+02
-8.626235664627727147e+02
-8.627615621759024407e+02
-8.625879392718429699e+02
-8.622829363375504954e+02
-8.627171309516494375e+02
-8.629235838026087322e+02
-8.631458027195789100e+02
-8.630720298537528379e+02
-8.629811554970874568e+02
-8.634593559867049635e+02
-8.633184055197367570e+02
-8.630699238776113589e+02
-8.629478400180706785e+02
-8.626255910725600415e+02
-8.629125298261359376e+02
-8.628839876557178741e+02
-8.588193005480577540e+02
-8.584901274068425892e+02
-8.594748083599217807e+02
-8.604458139815293407e+02
-8.607499201601469849e+02
-8.609647773407149316e+02
-8.612433921971189648e+02
-8.616798892660528963e+02
-8.621379127908726332e+02
-8.623975348567198580e+02
-8.623191133465567191e+02
-8.624910765572639093e+02
-8.626729754162751078e+02
-8.627317343452451723e+02
-8.625685322346394059e+02
-8.624677585521473020e+02
-8.628100928705414390e+02
-8.625780821807413759e+02
-8.624855821148350969e+02
-8.627352979609044041e+02
-8.625474207165809730e+02
-8.625093237509157689e+02
-8.625967659453527858e+02
-8.626020886713695290e+02
-8.628512549638610380e+02
-8.627947209283919392e+02
-8.625413515507996181e+02
-8.626653242061313449e+02
-8.625557729135268801e+02
-8.628125265131822061e+02
-8.628618548214054726e+02
-8.627207178560962575e+02
-8.627230023591052941e+02
-8.625511388291588446e+02
-8.624987753549579566e+02
-8.624308350258714881e+02
-8.621116859482428936e+02
-8.619760416206313494e+02
-8.618049041930468093e+02
-8.616693030456002589e+02
-8.615590860194048446e+02
-8.614829698647174610e+02
-8.617313675526224870e+02
-8.617757645662853747e+02
-8.617929743659830137e+02
-8.618329538726269448e+02
-8.617509914246389826e+02
-8.619609842856334581e+02
-8.620582148831787208e+02
-8.619997724511252954e+02
-8.620830216102638133e+02
-8.619788681316391603e+02
-8.621524468545727586e+02
-8.623102521815204682e+02
-8.621902537700361790e+02
-8.621010208897287157e+02
-8.619787873504501476e+02
-8.621076865277315164e+02
-8.621874076983859823e+02
-8.619323487020437824e+02
-8.618624434379646573e+02
-8.616318350246497175e+02
-8.615137342638626023e+02
-8.618344655716114175e+02
-8.617966054212963627e+02
-8.616709053911126830e+02
-8.618190879360230383e+02
-8.616935583780310708e+02
-8.617720644488505286e+02
-8.619032176330443917e+02
-8.616449774026167461e+02
-8.614998820540575935e+02
-8.615315524346976872e+02
-8.615715807442181813e+02
-8.617542731439344834e+02
-8.615228991117813848e+02
-8.615968687586886290e+02
-8.618580029441291117e+02
-8.617414102695328211e+02
-8.617072718267654636e+02
-8.614737846857402701e+02
-8.614705440678346804e+02
-8.616817176562425402e+02
-8.615425239188887190e+02
-8.615927804059632535e+02
-8.618364705793781013e+02
-8.618929609694395140e+02
-8.619886438614366853e+02
-8.621697788435755001e+02
-8.621281375997070882e+02
-8.619734478349793108e+02
-8.619893981232560236e+02
-8.620276205602496020e+02
-8.619625097306284260e+02
-8.619244153976118241e+02
-8.617845867128977488e+02
-8.618572736292336458e+02
-8.618941682378373343e+02
-8.618670398679986420e+02
-8.620196470313164809e+02
-8.618412325783368715e+02
-8.616792768757496788e+02
-8.619348626294523683e+02
-8.618596982690697814e+02
-8.617054789102869563e+02
-8.618349314847955611e+02
-8.617856928720478891e+02
-8.617615201620279777e+02
-8.618814661978231015e+02
-8.617884299457472252e+02
-8.619125990930815533e+02
-8.622261472843003958e+02
-8.621442733758760824e+02
-8.621737903169640731e+02
-8.622388138434547500e+02
-8.621280829944436164e+02
-8.620315546618589906e+02
-8.620750858317912844e+02
-8.620728270363539423e+02
-8.619307077424106183e+02
-8.619269616800845597e+02
-8.620792014147057216e+02
-8.621405658193805266e+02
-8.620800176724726498e+02
-8.620183791880348281e+02
-8.619613009277778701e+02
-8.619499046639725748e+02
-8.619249499990095273e+02
-8.621660492764392529e+02
-8.622302183168256988e+02
-8.618134920584557221e+02
-8.618460386649601332e+02
-8.619033997449093931e+02
-8.614064607968686005e+02
-8.612929799962846573e+02
-8.613858369536541204e+02
-8.610409637065964716e+02
-8.611972320805747358e+02
-8.614129106303330445e+02
-8.611837456542776863e+02
-8.612108601878431955e+02
-8.613953217013245194e+02
-8.615098833860381546e+02
-8.616831535480021103e+02
-8.614117340862928813e+02
-8.614402787621460220e+02
-8.616544040907111821e+02
-8.616574300004332372e+02
-8.616931453071284750e+02
-8.617453160611551084e+02
-8.616939525495919270e+02
-8.617051449216540959e+02
-8.616310541635157279e+02
-8.616806445215809163e+02
-8.618030485843418091e+02
-8.619856352892668383e+02
-8.622474192366638590e+02
-8.622087029250079695e+02
-8.619878112356263955e+02
-8.619746668844347823e+02
-8.619008510628270869e+02
-8.617304510811597993e+02
-8.616816351714884377e+02
-8.613661397517749947e+02
-8.611149167204454216e+02
-8.610622454744878951e+02
-8.610983824428641356e+02
-8.612885483413791690e+02
-8.614707959972355411e+02
-8.616206726909726967e+02
-8.614283223901717292e+02
-8.614519745209041730e+02
-8.617007243177305327e+02
-8.615200282461128154e+02
-8.614457279921347208e+02
-8.614070987778487734e+02
-8.610893968280986428e+02
-8.610752651683131944e+02
-8.609789588751190195e+02
-8.608894647604461170e+02
-8.611394039637478954e+02
-8.608836219630740061e+02
-8.607065240731313907e+02
-8.609564650070619791e+02
-8.611633075270244717e+02
-8.613153262472532106e+02
-8.614693038071394540e+02
-8.613722478016435389e+02
-8.616298429409456503e+02
-8.620044235339995566e+02
-8.619455784632946234e+02
-8.618577699483673769e+02
-8.619307527210240778e+02
-8.619190755586332671e+02
-8.618013689615625026e+02
-8.616429355256134386e+02
-8.617219743874428559e+02
-8.618107414143312326e+02
-8.615081572548043596e+02
-8.615552865102259830e+02
-8.619840889361430527e+02
-8.618690069934675648e+02
-8.617143890268505402e+02
-8.618434049534433825e+02
-8.617493902279391023e+02
-8.617397597712487141e+02
-8.615942922936579862e+02
-8.612893643283783831e+02
-8.614888763781033276e+02
-8.615064972767981999e+02
-8.614346170888131837e+02
-8.617576119978054976e+02
-8.618638452635103704e+02
-8.620143993696477764e+02
-8.621509423443269498e+02
-8.620130023230476581e+02
-8.622020643845597760e+02
-8.621246785850690912e+02
-8.618981523892008454e+02
-8.619424693452414203e+02
-8.617172755640507376e+02
-8.617637849061144379e+02
-8.619231520082722682e+02
-8.616821462749306875e+02
-8.618079953765050050e+02
-8.618354257719757925e+02
-8.614485271552064205e+02
-8.615738297126238194e+02
-8.616816328863743593e+02
-8.615003024817674486e+02
-8.614381154256656146e+02
-8.611934443992604429e+02
-8.616317481053563370e+02
-8.619485088700980668e+02
-8.615323964279664324e+02
-8.617797848824470748e+02
-8.619071304829705014e+02
-8.618739386827048747e+02
-8.621162286054909600e+02
-8.617771722203771105e+02
-8.615730722779929920e+02
-8.618351323396799444e+02
-8.616209722142422152e+02
-8.612094156008416803e+02
-8.610490757309548826e+02
-8.610302100298023333e+02
-8.610300463148835206e+02
-8.610633680716880463e+02
-8.611872030754969956e+02
-8.615083324020943110e+02
-8.616776967737979476e+02
-8.616921048788580038e+02
-8.619486682634893668e+02
-8.619056647560984175e+02
-8.616661260168402805e+02
-8.620968076687061057e+02
-8.620667739998878005e+02
-8.618491397185661071e+02
-8.620533949455270886e+02
-8.620949515044510463e+02
-8.621540841009245923e+02
-8.622801030357021546e+02
-8.625061202354402212e+02
-8.628921528278067399e+02
-8.626241278140554414e+02
-8.622325919419371303e+02
-8.624195530943447920e+02
-8.625023780671972418e+02
-8.619770959312455716e+02
-8.619305111429171120e+02
-8.618316033422117926e+02
-8.615046546232925948e+02
-8.615684537925939139e+02
-8.615215772215854031e+02
-8.618908497223301310e+02
-8.623261034362021746e+02
-8.622178531815239921e+02
-8.623773774405118502e+02
-8.624950103770515852e+02
-8.620347461373438591e+02
-8.617650322221004444e+02
-8.618988396283150450e+02
-8.620842247887421763e+02
-8.619755922320914578e+02
-8.616185676520600509e+02
-8.614951347248669435e+02
-8.614544540943766151e+02
-8.614359899730504821e+02
-8.615027665303215372e+02
-8.617980775827105617e+02
-8.618511506701348708e+02
-8.617166036530551310e+02
-8.616868849294961592e+02
-8.618088547619561268e+02
-8.618536541958096677e+02
-8.616620204747847538e+02
-8.614221367423539277e+02
-8.612563501873993346e+02
-8.612558030946606777e+02
-8.612796304548614899e+02
-8.612694352275389065e+02
-8.616065834660238352e+02
-8.620450776906110377e+02
-8.621467110560774927e+02
-8.621632293409559225e+02
-8.621375621771522901e+02
-8.620473446999061480e+02
-8.619748257585328020e+02
-8.621206084341185942e+02
-8.618384988684711061e+02
-8.614389663201079657e+02
-8.614371108810428268e+02
-8.616423056110269272e+02
-8.616615426537312032e+02
-8.617750194185815644e+02
-8.620535273277731676e+02
-8.619199741174149949e+02
-8.623054259603775336e+02
-8.626666986900818301e+02
-8.624557927102687245e+02
-8.626002107316779757e+02
-8.626975134619242453e+02
-8.622519298304163158e+02
-8.622558179522568480e+02
-8.623326232082096112e+02
-8.622757947986141289e+02
-8.626622990694490909e+02
-8.627229282123249732e+02
-8.626441901278994919e+02
-8.629693639009220760e+02
-8.629053468831848477e+02
-8.627761218766512457e+02
-8.628214149192787090e+02
-8.623386278178012390e+02
-8.620931404056062775e+02
-8.622676879220119872e+02
-8.621839241561249310e+02
-8.621517417721490801e+02
-8.621624506364798890e+02
-8.621102357364662794e+02
-8.621332595389890230e+02
-8.621734044267366244e+02
-8.618612528966224318e+02
-8.614727726886068240e+02
-8.614819453385074439e+02
-8.616541765866305695e+02
-8.615268673531760442e+02
-8.617106928636826524e+02
-8.616559754786009080e+02
-8.618626006364560226e+02
-8.622920747961589996e+02
-8.622536848730893553e+02
-8.622781397833304027e+02
-8.626052264009838382e+02
-8.624661656560351730e+02
-8.620957525931237342e+02
-8.618159134725259491e+02
-8.618635883855263273e+02
-8.620215325777298858e+02
-8.619237585578364360e+02
-8.618474305843017191e+02
-8.618302533214808818e+02
-8.618064150256126368e+02
-8.617591804304536254e+02
-8.619238947141277549e+02
-8.619388077696752362e+02
-8.616332702031476174e+02
-8.616719272489100376e+02
-8.616760635329385423e+02
-8.616124030831441587e+02
-8.617675838738587117e+02
-8.618059428903441130e+02
-8.618944651520960178e+02
-8.618286564607327591e+02
-8.618353160597870328e+02
-8.621085498568944558e+02
-8.621424027812003033e+02
-8.621862841090697884e+02
-8.622976252974925728e+02
-8.621899670476199162e+02
-8.624010113929040244e+02
-8.625867956314808680e+02
-8.622574825733180433e+02
-8.622593023492115663e+02
-8.623255162798745914e+02
-8.622268505143621269e+02
-8.620581473542935100e+02
-8.618774409464862174e+02
-8.617288368546904849e+02
-8.618772549023024112e+02
-8.619655482566214459e+02
-8.618562728719538200e+02
-8.615724420847895999e+02
-8.615623770262679955e+02
-8.619039529888244715e+02
-8.619489370175369913e+02
-8.619670807138573991e+02
-8.621006202423538980e+02
-8.621759318568090293e+02
-8.620899959802292187e+02
-8.621046256806278052e+02
-8.621978122273105782e+02
-8.620065665138565691e+02
-8.617982592728453710e+02
-8.618068863013573946e+02
-8.617835402385138650e+02
-8.619298244718033857e+02
-8.619354737433633318e+02
-8.616252827639315228e+02
-8.617501453698851037e+02
-8.621063730255643804e+02
-8.619033906115815853e+02
-8.619683719085445546e+02
-8.615055854310676295e+02
-8.608479610359685239e+02
-8.613452574249974987e+02
-8.619202870831716154e+02
-8.618689140626809149e+02
-8.620528397996858985e+02
-8.619189338896050003e+02
-8.618737286258483437e+02
-8.620983529048635319e+02
-8.619626403785521234e+02
-8.618839320377552440e+02
-8.616241467382227484e+02
-8.613763842572080875e+02
-8.615226917932977813e+02
-8.613183067742671710e+02
-8.613089184899695283e+02
-8.616935994224973001e+02
-8.613797077652918688e+02
-8.611298256244356253e+02
-8.614758922452579100e+02
-8.616339450714589248e+02
-8.618283271735634798e+02
-8.618324428758625118e+02
-8.615991689099990936e+02
-8.618308607491429711e+02
-8.622302651704005712e+02
-8.621679128999631985e+02
-8.621788847374883744e+02
-8.622193019026778984e+02
-8.621308978941900705e+02
-8.620796479189825732e+02
-8.619539967083054535e+02
-8.620472933104313142e+02
-8.622642745210040403e+02
-8.618775752601477507e+02
-8.614730072764538136e+02
-8.618962851812832469e+02
-8.620995438141403611e+02
-8.621675467726927309e+02
-8.619572227784063898e+02
-8.616942844015729861e+02
-8.621238266258432077e+02
-8.624122800919680003e+02
-8.620458278102948952e+02
-8.620144304609899564e+02
-8.619902720039618771e+02
-8.618164828248435470e+02
-8.618901079887351671e+02
-8.619116783114648115e+02
-8.617496395971542142e+02
-8.616816503795544122e+02
-8.616669746764054025e+02
-8.616046328824339753e+02
-8.616277274539772861e+02
-8.615731312163651410e+02
-8.615811577698888186e+02
-8.617360292586126889e+02
-8.617120852741079489e+02
-8.618215807581152603e+02
-8.619225244041358565e+02
-8.618797126220072187e+02
-8.621055572126534798e+02
-8.620134432363538508e+02
-8.618165281794890689e+02
-8.622145036292789655e+02
-8.623205309643021792e+02
-8.620325060077998387e+02
-8.621614176322383400e+02
-8.622121327909507045e+02
-8.621749103933384504e+02
-8.624259517868275680e+02
-8.624525709118105397e+02
-8.622070610698423252e+02
-8.622643204465243798e+02
-8.622306904122258402e+02
-8.621237749831118435e+02
-8.621642493685169484e+02
-8.619083288099042193e+02
-8.619684113396706380e+02
-8.621528639931761973e+02
-8.620007330960428362e+02
-8.619573350078433123e+02
-8.616505272761684182e+02
-8.615015327831288232e+02
-8.617359070263983085e+02
-8.616297264009100445e+02
-8.618129811859612346e+02
-8.619732085253839386e+02
-8.618546101604955538e+02
-8.619603050448229169e+02
-8.620005535309450124e+02
-8.619037463888056436e+02
-8.619714767079318563e+02
-8.618694172802711364e+02
-8.617150231171220867e+02
-8.616801533581705144e+02
-8.616518250687043974e+02
-8.617383745712650125e+02
-8.618639295561172275e+02
-8.618906587057484785e+02
-8.619717000271134566e+02
-8.620292975515206990e+02
-8.618012250544255721e+02
-8.618727854284816203e+02
-8.620381864219818908e+02
-8.622163829390675573e+02
-8.624206460738577107e+02
-8.622811232634528551e+02
-8.623047546700298653e+02
-8.624856223383028464e+02
-8.627107600206403504e+02
-8.627490271990269548e+02
-8.625787620069130526e+02
-8.626465077061446891e+02
-8.626632933091406130e+02
-8.624292938380135638e+02
-8.624101080636495453e+02
-8.626877613005984813e+02
-8.625613868796100405e+02
-8.622830762311175476e+02
-8.623327735995362673e+02
-8.624746652942696983e+02
-8.625902927267184168e+02
-8.625920691464062884e+02
-8.624708772695403241e+02
-8.626039239202140152e+02
-8.627371360016720701e+02
-8.627477814555101077e+02
-8.628949364292401469e+02
-8.630156151486121416e+02
-8.628750375276978275e+02
-8.628543331907885658e+02
-8.627814424328551013e+02
-8.628487605056744769e+02
-8.629206716055642801e+02
-8.626646219815975201e+02
-8.627099620606965118e+02
-8.629943471832713158e+02
-8.628696055007458199e+02
-8.629752383697195910e+02
-8.631460972851253928e+02
-8.630124219033000372e+02
-8.630215387303838952e+02
-8.629233015787850718e+02
-8.629028554931842336e+02
-8.629759598767266198e+02
-8.628200289085996246e+02
-8.627358676892904441e+02
-8.629184734957431147e+02
-8.630937778388959032e+02
-8.632936133915784467e+02
-8.632107321003464904e+02
-8.632117860930121651e+02
-8.633139371560690734e+02
-8.633428618237184082e+02
-8.634343649219669032e+02
-8.634486604136989172e+02
-8.632638006783816991e+02
-8.630630960360056179e+02
-8.629083397689802268e+02
-8.627736364177258110e+02
-8.625775347783689995e+02
-8.624474580813375724e+02
-8.624671120730763505e+02
-8.626002558013236694e+02
-8.626134568397875455e+02
-8.625435905743588592e+02
-8.628147318313798451e+02
-8.627769693846630616e+02
-8.625323135293750738e+02
-8.627501973629263148e+02
-8.627188167538291736e+02
-8.624893348472959360e+02
-8.624243037796195495e+02
-8.624759870911349253e+02
-8.626413299620090811e+02
-8.626093098930903125e+02
-8.626239853882253783e+02
-8.628751334889233249e+02
-8.629047246474088979e+02
-8.627959030750942020e+02
-8.628197467735086548e+02
-8.627629825517633435e+02
-8.625769718217588888e+02
-8.623217280950913164e+02
-8.622546603087323547e+02
-8.622788351651133780e+02
-8.621358783733993505e+02
-8.619864358433103462e+02
-8.620593751204685304e+02
-8.623699278580579630e+02
-8.626664905600727025e+02
-8.625832104503577966e+02
-8.623550502777520705e+02
-8.625779653229465112e+02
-8.626667922784403117e+02
-8.624668892464144392e+02
-8.625048311317157186e+02
-8.625262745211168749e+02
-8.624581167848843961e+02
-8.625307498062395553e+02
-8.623643735897626357e+02
-8.623005581259625387e+02
-8.624197681547173033e+02
-8.625020281155450448e+02
-8.624104788453765877e+02
-8.623593927381303956e+02
-8.622604647684480597e+02
-8.623381819336788112e+02
-8.626390352088874351e+02
-8.625929674401533021e+02
-8.624370830173197646e+02
-8.625079138056975125e+02
-8.623620158058157585e+02
-8.623882582665130485e+02
-8.625349439555623121e+02
-8.623761003521270823e+02
-8.625365719997793121e+02
-8.626405583569810460e+02
-8.625697124710487742e+02
-8.624599164091848706e+02
-8.623849591800300232e+02
-8.623390036085801285e+02
-8.624288771799574533e+02
-8.625959375655895656e+02
-8.629458751351605770e+02
-8.630758426020230445e+02
-8.628892695445667869e+02
-8.630837271887261295e+02
-8.632812955023487120e+02
-8.630869106470006500e+02
-8.629578744788548192e+02
-8.626037522802181456e+02
-8.624747742384410003e+02
-8.625879047509827160e+02
-8.626001946665826381e+02
-8.627082533143836827e+02
-8.627551919657568078e+02
-8.626925883975677607e+02
-8.627356092731693025e+02
-8.624736759472616541e+02
-8.622934256416010612e+02
-8.623460908084698531e+02
-8.620428949775916863e+02
-8.620717688149604783e+02
-8.624343702156124891e+02
-8.621977566316976436e+02
-8.619795798487521097e+02
-8.623035755169372578e+02
-8.625522869624837767e+02
-8.626286301410779060e+02
-8.623838394842075559e+02
-8.624252074346613881e+02
-8.625688448410484170e+02
-8.621345984249956018e+02
-8.619867591499333912e+02
-8.621200615073373683e+02
-8.622022094282316402e+02
-8.623968696190038372e+02
-8.623341825211348350e+02
-8.623684027035504869e+02
-8.629063768527739740e+02
-8.630270005293348277e+02
-8.627945192980396314e+02
-8.629212910977356614e+02
-8.627986927506340180e+02
-8.624236147186147718e+02
-8.622357137978203809e+02
-8.622251333380484084e+02
-8.623102345957469197e+02
-8.624030888243662503e+02
-8.623908508590584461e+02
-8.624792316318603298e+02
-8.628593686869708108e+02
-8.629615958273226397e+02
-8.627823850562411963e+02
-8.626947543712398101e+02
-8.626983337598338721e+02
-8.626196036764712289e+02
-8.625498958953181727e+02
-8.625721710499105939e+02
-8.625475068577895854e+02
-8.624736732735598252e+02
-8.625654284896212403e+02
-8.625505594358905910e+02
-8.629393799026499892e+02
-8.629114252552628841e+02
-8.625896420461375556e+02
-8.630538237749660766e+02
-8.630138407788214181e+02
-8.627054030431440879e+02
-8.628602415050659147e+02
-8.625146770462694121e+02
-8.625607305679011461e+02
-8.629592717477845554e+02
-8.625888058556998885e+02
-8.625217766237518617e+02
-8.626985378568224405e+02
-8.627028626341016206e+02
-8.629429091914678338e+02
-8.627339082354272932e+02
-8.625241992134539259e+02
-8.628588741901481853e+02
-8.626426704479488308e+02
-8.625049652804920015e+02
-8.626348446106518395e+02
-8.622202175534558819e+02
-8.622406523604782933e+02
-8.628232527802894083e+02
-8.630971474714617671e+02
-8.632436046965434571e+02
-8.635362263835958174e+02
-8.634671763792113097e+02
-8.634019409546298220e+02
-8.635196602182097649e+02
-8.632543212516923177e+02
-8.630272301049866428e+02
-8.629153469953379272e+02
-8.628261117727226974e+02
-8.628209179037477270e+02
-8.629562142058479139e+02
-8.631624884111206484e+02
-8.634756906822664178e+02
-8.633858609430276374e+02
-8.633778895992245452e+02
-8.634027002332544498e+02
-8.631826036379227389e+02
-8.632624164525933566e+02
-8.631550960601666702e+02
-8.631460162114447030e+02
-8.634490198123138498e+02
-8.634343236453976260e+02
-8.632917924383270929e+02
-8.634170975828515111e+02
-8.634730607237040658e+02
-8.634701636620435465e+02
-8.634509785410532459e+02
-8.633534411353195992e+02
-8.632623987938701475e+02
-8.631933624192945445e+02
-8.634196769833033613e+02
-8.634021644627121077e+02
-8.630920789687214665e+02
-8.633751677088382621e+02
-8.633753840973841989e+02
-8.631244818593918353e+02
-8.634327886633924436e+02
-8.634442827561407512e+02
-8.632700709040531137e+02
-8.632626847627999496e+02
-8.631655644308405044e+02
-8.628624185703687317e+02
-8.629513512948459493e+02
-8.632215571733194110e+02
-8.633138753066580193e+02
-8.632239813259697030e+02
-8.629192820379295199e+02
-8.628812969895321885e+02
-8.631681913980780791e+02
-8.631079778900583506e+02
-8.630703677468743535e+02
-8.631953466624239582e+02
-8.629555885175262802e+02
-8.632067121568986749e+02
-8.633904858600562875e+02
-8.631837914764832931e+02
-8.631727404368322141e+02
-8.630724461124576692e+02
-8.630515700142533433e+02
-8.631337334620544652e+02
-8.626915680182308961e+02
-8.624893969529134665e+02
-8.625301573350302533e+02
-8.624579245164608210e+02
-8.629083112114689129e+02
-8.629756910921978488e+02
-8.628915515569208310e+02
-8.630931592394750851e+02
-8.632052650570122978e+02
-8.633381230120278360e+02
-8.633237636991976842e+02
-8.633333719427757842e+02
-8.634590748165516061e+02
-8.634888398690277427e+02
-8.633642495835388218e+02
-8.633197875069827205e+02
-8.632752845895183782e+02
-8.579752922240137423e+02
-8.579999659068828350e+02
-8.585220684309036869e+02
-8.598590494289811659e+02
-8.602899127821630145e+02
-8.602281033161518735e+02
-8.606336689734565653e+02
-8.606693504210794572e+02
-8.609946350542652453e+02
-8.614783084784355651e+02
-8.613864352203430599e+02
-8.614900949878561960e+02
-8.618914485774058676e+02
-8.620724745062492502e+02
-8.620766126239402638e+02
-8.623704550419510042e+02
-8.625263089073746414e+02
-8.624607173042641080e+02
-8.628206086768411751e+02
-8.628383750752433343e+02
-8.625787543699401567e+02
-8.630279721599007416e+02
-8.631715950795163508e+02
-8.629017021746309410e+02
-8.626602126900644407e+02
-8.623329872731375190e+02
-8.625284960728139367e+02
-8.626821026550762781e+02
-8.623088730411772076e+02
-8.622443396387131997e+02
-8.621541682889073854e+02
-8.622422804267343963e+02
-8.623775478899112841e+02
-8.619272749252617132e+02
-8.615821595353902467e+02
-8.618123009955332918e+02
-8.617397970483050358e+02
-8.617994039688995827e+02
-8.618276827768455632e+02
-8.618645543479204889e+02
-8.620736620987701144e+02
-8.622395380519757282e+02
-8.623829574894187999e+02
-8.622795487260768823e+02
-8.621853603124305891e+02
-8.621716885207259793e+02
-8.620667572013081781e+02
-8.619400713916567156e+02
-8.617954139409459913e+02
-8.616620729671298022e+02
-8.616450930761689051e+02
-8.618488256864761752e+02
-8.619770606278327705e+02
-8.619325663269071356e+02
-8.619882100344975697e+02
-8.619054432407958757e+02
-8.618593711628959682e+02
-8.620188070689376900e+02
-8.617269476710160916e+02
-8.615494141468652742e+02
-8.613681592919505192e+02
-8.612150748873476687e+02
-8.611785308781868480e+02
-8.612092993754197323e+02
-8.610336960657620011e+02
-8.612414776883493914e+02
-8.617569608442494200e+02
-8.619326645719519320e+02
-8.620583849098809424e+02
-8.623697903329020846e+02
-8.625221556573038697e+02
-8.625839959762070066e+02
-8.626232594606271959e+02
-8.626983656424243918e+02
-8.625868128004112805e+02
-8.623194513579121576e+02
-8.622535133417081852e+02
-8.624113068989778412e+02
-8.623746491334288748e+02
-8.623342986418092551e+02
-8.624661086736341531e+02
-8.622256758879625522e+02
-8.619474807768204982e+02
-8.620305283776245915e+02
-8.620318780089439770e+02
-8.618948327218589611e+02
-8.616682486767381306e+02
-8.615412867766999625e+02
-8.618139735640877461e+02
-8.617799501123241726e+02
-8.615800446566192932e+02
-8.618636056285669156e+02
-8.619360015851722210e+02
-8.618124830625029063e+02
-8.619526367791922894e+02
-8.619482469611074293e+02
-8.620152126067858944e+02
-8.621514570441950127e+02
-8.620335349734899637e+02
-8.620952069768894717e+02
-8.622922505531165598e+02
-8.623808697593109400e+02
-8.625452329775680482e+02
-8.624917473428431549e+02
-8.623743560050979795e+02
-8.622121165630205724e+02
-8.619962408682359865e+02
-8.621071488248528567e+02
-8.624322251040679248e+02
-8.625543899549933258e+02
-8.623789658435300680e+02
-8.622585448891542228e+02
-8.623439042323777812e+02
-8.624871509591366703e+02
-8.623532758349257392e+02
-8.620296914136417854e+02
-8.618054614687447383e+02
-8.616933651512804317e+02
-8.618578142699000182e+02
-8.620385215098166327e+02
-8.621616749021351325e+02
-8.623349114532968542e+02
-8.623780382976085548e+02
-8.622502954135297841e+02
-8.622039214142959054e+02
-8.623440724846121839e+02
-8.624303621919946181e+02
-8.621658113322143890e+02
-8.620927147443186414e+02
-8.621105475082880503e+02
-8.621271080195218701e+02
-8.622282498753691016e+02
-8.619490152981368283e+02
-8.619399995910697498e+02
-8.620329710893632864e+02
-8.618692662345296185e+02
-8.620365138904953710e+02
-8.621616498912852649e+02
-8.619241784315283894e+02
-8.620214654872667097e+02
-8.619657379191328346e+02
-8.617769772585561441e+02
-8.620987093159617416e+02
-8.619383874499940248e+02
-8.616884199108139910e+02
-8.619371162445764867e+02
-8.617125205778667123e+02
-8.616532561926458129e+02
-8.617259714770955270e+02
-8.616479759574133368e+02
-8.618978229364389563e+02
-8.622604716849471060e+02
-8.622382262685184742e+02
-8.621449592377591671e+02
-8.622538176441757969e+02
-8.622460477857658816e+02
-8.621606983236514452e+02
-8.623031425075665766e+02
-8.622599745317382940e+02
-8.619794879176353106e+02
-8.618293159958399201e+02
-8.618344001998194699e+02
-8.619283518956120815e+02
-8.620279594232792988e+02
-8.619525079291071279e+02
-8.620357293381105137e+02
-8.620923362751306058e+02
-8.619389649153358732e+02
-8.620094569998055931e+02
-8.621763887238128063e+02
-8.618367768420232551e+02
-8.619245604791000233e+02
-8.620769057310772041e+02
-8.619915646305985319e+02
-8.622406033935615142e+02
-8.624357899235773175e+02
-8.623130410045458802e+02
-8.623422096241940835e+02
-8.621881807496905594e+02
-8.621519364640287222e+02
-8.623126754060782559e+02
-8.621314486136860751e+02
-8.621604111273901481e+02
-8.625028235067509286e+02
-8.626946700465985032e+02
-8.628559421818963528e+02
-8.631586786754894547e+02
-8.630681292232766282e+02
-8.631105563098285529e+02
-8.631479269598019073e+02
-8.630049389154783057e+02
-8.629974240677289572e+02
-8.627468942567264776e+02
-8.624487998616518780e+02
-8.624920537943963836e+02
-8.622424403132266661e+02
-8.622206479566457347e+02
-8.623326699912676077e+02
-8.620916127410148420e+02
-8.624285458429054643e+02
-8.627068974912114072e+02
-8.627188248698870439e+02
-8.630941027711149900e+02
-8.631816590701456562e+02
-8.631426742318885772e+02
-8.633238719343927414e+02
-8.632876060192220393e+02
-8.630367830671294769e+02
-8.629290795077972689e+02
-8.628091958646652984e+02
-8.626930333270048550e+02
-8.626591185399556707e+02
-8.626726331580155147e+02
-8.627497850801851200e+02
-8.629879236516363790e+02
-8.630327890105317010e+02
-8.630282967968331604e+02
-8.633137736308655121e+02
-8.634875081391834328e+02
-8.635839582104837291e+02
-8.635977718955242608e+02
-8.633600644248020899e+02
-8.632446797959588594e+02
-8.630866163592648945e+02
-8.628857451282599413e+02
-8.628425932127237274e+02
-8.628277367912858153e+02
-8.627911833240824535e+02
-8.625672665051998820e+02
-8.624221150223125960e+02
-8.626572109701709223e+02
-8.627177204603941618e+02
-8.626479854943396504e+02
-8.628698597131589167e+02
-8.629207208200100467e+02
-8.629313181487888187e+02
-8.629546075458997620e+02
-8.629677309713218847e+02
-8.632921562188392954e+02
-8.633853632720332598e+02
-8.632136148273031040e+02
-8.631616224243147144e+02
-8.629918580688075735e+02
-8.627288468160668344e+02
-8.625174550680787888e+02
-8.625332214343990245e+02
-8.628964085178637333e+02
-8.628921107118731015e+02
-8.629232722968396274e+02
-8.631174025857020524e+02
-8.630468790356965201e+02
-8.632033053426025617e+02
-8.632440859984708368e+02
-8.629786585473956393e+02
-8.626866922672626288e+02
-8.625780962008656161e+02
-8.624332983421692234e+02
-8.625349990170439014e+02
-8.628374019777054400e+02
-8.628417731088995879e+02
-8.629955395372277280e+02
-8.633149232691395127e+02
-8.634079045677885915e+02
-8.633965504590328237e+02
-8.634669832302266741e+02
-8.631931327449002538e+02
-8.631540820353500294e+02
-8.629632815352438229e+02
-8.626454333440473192e+02
-8.624444601685665930e+02
-8.620995524047114031e+02
-8.620330367308760060e+02
-8.620791412060590346e+02
-8.619362611862096628e+02
-8.620349894854690547e+02
-8.622384015450962806e+02
-8.623759134945491951e+02
-8.625793985483435335e+02
-8.627827174006034738e+02
-8.629913220870988653e+02
-8.630004233458504359e+02
-8.631399821035035984e+02
-8.631981053743168104e+02
-8.631036309469484422e+02
-8.633599951371011230e+02
-8.632788734750035928e+02
-8.630818009683852097e+02
-8.632699091171734835e+02
-8.631598034152478931e+02
-8.632176991612780057e+02
-8.634992202994927766e+02
-8.635539527455342750e+02
-8.632858904673395273e+02
-8.632615264020041650e+02
-8.630668228136368043e+02
-8.629418550667263617e+02
-8.631066676700088465e+02
-8.626948057984252500e+02
-8.624018812809464407e+02
-8.624091542389660390e+02
-8.620001866242732831e+02
-8.620190252666294555e+02
-8.621234859921462430e+02
-8.616427503000746810e+02
-8.616682738355548281e+02
-8.618765815508859305e+02
-8.619874457047177430e+02
-8.622983149130508309e+02
-8.625734977526400371e+02
-8.628142191859168406e+02
-8.631058142242887925e+02
-8.633768359337017273e+02
-8.632343162289892007e+02
-8.631767053448643310e+02
-8.632553400503228431e+02
-8.629355259665921949e+02
-8.627682844190856031e+02
-8.629980451013151423e+02
-8.629844958339781442e+02
-8.629924419911642417e+02
-8.630973892615254499e+02
-8.632432019244281491e+02
-8.633172016477954003e+02
-8.632281283684899336e+02
-8.632354485681562437e+02
-8.629742781638160523e+02
-8.627789091949824751e+02
-8.631391983548379585e+02
-8.629545824987401375e+02
-8.624464615592833070e+02
-8.627457857519724485e+02
-8.626886917036230216e+02
-8.626274441068145507e+02
-8.630407504139342336e+02
-8.628350120283215574e+02
-8.625920127117208267e+02
-8.628232982630873948e+02
-8.624761844239125139e+02
-8.624326640718049930e+02
-8.626999417795783529e+02
-8.624420041708741564e+02
-8.624653325567139746e+02
-8.624870267680050802e+02
-8.623351948338130342e+02
-8.628065735551773514e+02
-8.630227141563922260e+02
-8.627711914441122190e+02
-8.628707444553658661e+02
-8.629211894467865704e+02
-8.629849590358207934e+02
-8.633059518197120497e+02
-8.630990870380707065e+02
-8.630303277527891623e+02
-8.632744712650348902e+02
-8.631992341134824755e+02
-8.633199058943496311e+02
-8.634797075616004349e+02
-8.634622697112370133e+02
-8.635306920200971490e+02
-8.632422603793822873e+02
-8.631649373943843102e+02
-8.635778646840749389e+02
-8.631990136670182210e+02
-8.627806322035244193e+02
-8.629318720820613180e+02
-8.627130131700010907e+02
-8.626703058665173103e+02
-8.627848991270169563e+02
-8.625232583870284770e+02
-8.627219655097097757e+02
-8.630731089577445800e+02
-8.632072417617130213e+02
-8.633156355816797713e+02
-8.633664964194628055e+02
-8.634282827408081857e+02
-8.635182413202625185e+02
-8.636865528125729270e+02
-8.638856306345768417e+02
-8.637260420006243749e+02
-8.637775664184606512e+02
-8.638920365710299620e+02
-8.636554925368644717e+02
-8.636616278282829171e+02
-8.637112099482195617e+02
-8.633988039570106139e+02
-8.634212301835664221e+02
-8.634668854382264271e+02
-8.631252023427975928e+02
-8.632980869296764013e+02
-8.635111241087437293e+02
-8.635198616021287989e+02
-8.637471023541879731e+02
-8.635281248345988843e+02
-8.633608457914058363e+02
-8.636272461626314225e+02
-8.634382208552888187e+02
-8.633533361443724061e+02
-8.634725879589889246e+02
-8.631814422987673652e+02
-8.633159512864190219e+02
-8.634645733834448720e+02
-8.629616670548514321e+02
-8.625811778857582794e+02
-8.626572853697929304e+02
-8.625469675229441009e+02
-8.623850176663977436e+02
-8.623738377798980537e+02
-8.623212207077808671e+02
-8.623328373357001055e+02
-8.621184991214011006e+02
-8.621704363839775169e+02
-8.624919731669178873e+02
-8.625651882253724807e+02
-8.627498548633559494e+02
-8.628925419078552750e+02
-8.627153948981562053e+02
-8.632459831965430794e+02
-8.634339854828606349e+02
-8.632104492738562840e+02
-8.631810786688274675e+02
-8.631078278451623191e+02
-8.628308907664006711e+02
-8.627870442589552340e+02
-8.628219022322875844e+02
-8.626774384456941789e+02
-8.627798628286323037e+02
-8.627804261408077764e+02
-8.630595236972276325e+02
-8.633890344527171692e+02
-8.631322822293872150e+02
-8.631173749135251683e+02
-8.633345365841428247e+02
-8.630279086877953887e+02
-8.631646662666504426e+02
-8.631432951041383603e+02
-8.629129842269984465e+02
-8.631535342005037137e+02
-8.632280555003878817e+02
-8.634432858385600866e+02
-8.634202433979819489e+02
-8.631814940273004595e+02
-8.633410451048317782e+02
-8.632091672543906498e+02
-8.627999862482068920e+02
-8.629262659747097359e+02
-8.628106728547290913e+02
-8.626656121791380656e+02
-8.627579327005477126e+02
-8.627242560984514057e+02
-8.627185979936932654e+02
-8.627783153390008692e+02
-8.626326359812190958e+02
-8.626504642740472946e+02
-8.630197959802569585e+02
-8.629577777497288480e+02
-8.631803666493597120e+02
-8.635728797049669083e+02
-8.635242143060701210e+02
-8.637822660293148829e+02
-8.638908767392633763e+02
-8.636197587278824130e+02
-8.638084044249261524e+02
-8.636583874880038820e+02
-8.633930461996336589e+02
-8.634880541891715211e+02
-8.630638569878800581e+02
-8.630647415603183390e+02
-8.630669583997115524e+02
-8.627088913014461014e+02
-8.631221683807345926e+02
-8.632758467548541148e+02
-8.631936439242849701e+02
-8.633449386088008168e+02
-8.633515596697421870e+02
-8.635257348351713063e+02
-8.634738957533012353e+02
-8.632478188420157039e+02
-8.632411489483362175e+02
-8.631160188679010616e+02
-8.629704948450777238e+02
-8.630789209020022099e+02
-8.634098146670571623e+02
-8.635398661007561714e+02
-8.635637060803418308e+02
-8.634768346035403965e+02
-8.631454641550465112e+02
-8.632798283496663316e+02
-8.633773128174414069e+02
-8.633905286606500340e+02
-8.636127340947683706e+02
-8.633888551880309024e+02
-8.634433847095482406e+02
-8.637899343820416789e+02
-8.636390591880598322e+02
-8.635351842827351447e+02
-8.635221407519004515e+02
-8.632318239849453221e+02
-8.632543343931994286e+02
-8.635393135546170242e+02
-8.633750314887170134e+02
-8.632231848810836254e+02
-8.631451431668267560e+02
-8.630069965468666169e+02
-8.632509612874965796e+02
-8.632128630806861338e+02
-8.631304602333469802e+02
-8.633251078216520682e+02
-8.630235488832232704e+02
-8.631165644390337093e+02
-8.633390598755140672e+02
-8.631333219614252812e+02
-8.632854985662316949e+02
-8.630786558598127840e+02
-8.628760302419196933e+02
-8.627487874654126472e+02
-8.625448215273551114e+02
-8.629304057122950553e+02
-8.632759230217380946e+02
-8.632249609665702792e+02
-8.631333853890321279e+02
-8.631595043057665180e+02
-8.633895229137484648e+02
-8.633674529630480947e+02
-8.631028688930002772e+02
-8.631061998964228223e+02
-8.630586747498533668e+02
-8.631574852481500102e+02
-8.632582087672903981e+02
-8.631941813985017689e+02
-8.632886644325888028e+02
-8.635067808133901508e+02
-8.633922568651073561e+02
-8.632720829223019336e+02
-8.633751342545991747e+02
-8.635885577105656239e+02
-8.635129825333765439e+02
-8.633084320311864985e+02
-8.633062844338010109e+02
-8.633543636021881866e+02
-8.632890840319224708e+02
-8.631759985732461473e+02
-8.633693183130100124e+02
-8.635215787761176216e+02
-8.634567138132294986e+02
-8.633106302838815509e+02
-8.633706900342036761e+02
-8.635129228814529370e+02
-8.635154922360408136e+02
-8.633790914374915246e+02
-8.632162726607799641e+02
-8.632341661555774408e+02
-8.634456131220031239e+02
-8.632288587636959392e+02
-8.632668911561685263e+02
-8.633397424543968555e+02
-8.629827114048439398e+02
-8.629676357457625500e+02
-8.632551016234305052e+02
-8.629308772874154556e+02
-8.626097645637819369e+02
-8.625270118908572385e+02
-8.625314147617826848e+02
-8.625086224064611997e+02
-8.626084495957774152e+02
-8.629268437811945205e+02
-8.630632450318046267e+02
-8.631388799599202457e+02
-8.632925398683706817e+02
-8.633826738185795193e+02
-8.634655625559256578e+02
-8.635289500200743760e+02
-8.635567930080317183e+02
-8.635115906257785809e+02
-8.635074967384140336e+02
-8.636689584612400949e+02
-8.637525429697027448e+02
-8.637801610431797599e+02
-8.637603620481725102e+02
-8.635337705299386926e+02
-8.635990998524598581e+02
-8.634419545813578907e+02
-8.630703186793316490e+02
-8.630816345333743129e+02
-8.630242058480752121e+02
-8.630086810317578738e+02
-8.629481654953093539e+02
-8.628255912397067959e+02
-8.629349804347750705e+02
-8.630442985401786018e+02
-8.628395636682948862e+02
-8.628280378102605255e+02
-8.629590367659948242e+02
-8.628635621036434031e+02
-8.629634195760083912e+02
-8.631806480400696273e+02
-8.630384854119811280e+02
-8.629486029507988860e+02
-8.629004044800569773e+02
-8.628168550504544783e+02
-8.629769534682235417e+02
-8.628826727644631092e+02
-8.629081858214614158e+02
-8.632557558158281381e+02
-8.634032271449890459e+02
-8.635393901808179180e+02
-8.636882472967698732e+02
-8.634268616923535546e+02
-8.633003659135140424e+02
-8.633416690659512369e+02
-8.633057324113027562e+02
-8.632781049365956960e+02
-8.629145984122330901e+02
-8.626036793061313119e+02
-8.630349677103646400e+02
-8.631360610659360191e+02
-8.630542329065390277e+02
-8.634408632529848546e+02
-8.635006665231451279e+02
-8.631527944097620093e+02
-8.631299108898446093e+02
-8.631736913995401892e+02
-8.631946449757668915e+02
-8.631886406613912186e+02
-8.629500901550325125e+02
-8.629067651998553856e+02
-8.630356525875203033e+02
-8.628809081615927425e+02
-8.630119440856351503e+02
-8.631221075101353790e+02
-8.631564690612741515e+02
-8.632363315049022958e+02
-8.631586966274065844e+02
-8.633415490217781780e+02
-8.632798977511054090e+02
-8.630574463559203195e+02
-8.632288380622234172e+02
-8.631984862875381168e+02
-8.629397340673990584e+02
-8.632023121039657099e+02
-8.632481904542345319e+02
-8.630309740726805785e+02
-8.632121355441016703e+02
-8.634490709978831546e+02
-8.632862015003506713e+02
-8.632238512929708349e+02
-8.635228176722606577e+02
-8.637243568604783377e+02
-8.635498099976639423e+02
-8.632769881039910160e+02
-8.635523114701592249e+02
-8.638413716709558230e+02
-8.638064480428922707e+02
-8.636251365137228504e+02
-8.635118010114217668e+02
-8.635473154340971860e+02
-8.632472260882087767e+02
-8.628835359429363052e+02
-8.629838890986655997e+02
-8.631226055736692615e+02
-8.630856593960288592e+02
-8.632064554477310594e+02
-8.631948909523176781e+02
-8.632065281909187888e+02
-8.632611380346274927e+02
-8.631554497198021636e+02
-8.629293010161271695e+02
-8.627417998069463465e+02
-8.627046300487589860e+02
-8.629066958998507744e+02
-8.627479076651120522e+02
-8.626379403847172398e+02
-8.630399063610668691e+02
-8.628099603506261701e+02
-8.625948218236729872e+02
-8.626438638035227768e+02
-8.624763449284751005e+02
-8.625269680308928173e+02
-8.626093034256068677e+02
-8.624232504897470335e+02
-8.627173396660207345e+02
-8.628986917239894865e+02
-8.626983466999483880e+02
-8.628640228171407216e+02
-8.628509949810595572e+02
-8.628445173231469880e+02
-8.630531714582027689e+02
-8.630786855870684349e+02
-8.631056034121194216e+02
-8.629384360254257444e+02
-8.627178573739803369e+02
-8.628614273642320995e+02
-8.628139563829910230e+02
-8.628812784625914674e+02
-8.628804250297638418e+02
-8.627262161525128477e+02
-8.630194446601211666e+02
-8.634058771350765937e+02
-8.635954466505387472e+02
-8.635501102092089241e+02
-8.633863912212046898e+02
