-1.000845385100272988e+00
-9.947843028506093699e-01
-9.439358094283631928e-01
-9.322068708372300838e-01
-8.925062873376059525e-01
-8.359290261559660928e-01
-8.411044285532380815e-01
-8.252016414361477148e-01
-8.296800959072082593e-01
-8.588791733735156031e-01
-8.781623952280982470e-01
-8.720658174300289778e-01
-8.433183958471087704e-01
-8.372719521635275663e-01
-8.261359698345059899e-01
-8.179824326528836176e-01
-8.145438103711470923e-01
-7.955755309618903759e-01
-7.833227095292614184e-01
-7.646538584001179029e-01
-7.620471219485493997e-01
-7.616146738632321167e-01
-7.563176332113525913e-01
-7.932994869974907548e-01
-8.064234466599604634e-01
-8.370237173447668821e-01
-8.870984596779886155e-01
-8.609394333135592658e-01
-8.938366895960886405e-01
-9.197109846277852219e-01
-8.817942946341668087e-01
-9.043615813058826225e-01
-8.465562057877794588e-01
-7.776016916078222208e-01
-8.090502093218531199e-01
-7.678182864719649281e-01
-7.493596702078408889e-01
-7.828450465133732772e-01
-7.213533911249669917e-01
-7.444720419611846607e-01
-8.071958215282990512e-01
-7.729691688744616540e-01
-8.486544939054130321e-01
-8.875375030127197196e-01
-8.293904919855887847e-01
-8.726890852987808644e-01
-8.688012453821679637e-01
-8.279120076898399683e-01
-8.876432414902079016e-01
-8.527359522071804587e-01
-7.927971376989657593e-01
-8.104562682406615259e-01
-7.645262767392763115e-01
-7.637475162530467099e-01
-8.178470663184532752e-01
-7.976404887345296402e-01
-8.119210902574829358e-01
-8.254319313591454987e-01
-7.931363132185010878e-01
-8.135068329841175228e-01
-8.257957180366851668e-01
-7.975832431799310118e-01
-8.233385853393775378e-01
-8.469984041360307803e-01
-8.293789256922525777e-01
-8.499938993607950577e-01
-8.571365280269868103e-01
-8.328924564026671806e-01
-8.565971437471510130e-01
-8.730470459953674212e-01
-8.597796470326849461e-01
-8.545619634388800234e-01
-8.515095108197875406e-01
-8.360402804591289261e-01
-8.216240979005138279e-01
-8.266248268046272329e-01
-8.207449303112355210e-01
-8.299963425285985519e-01
-8.511404646141925712e-01
-8.426534475225639920e-01
-8.408987599293151760e-01
-8.428724893787303829e-01
-8.172421427600421451e-01
-8.112845111083022420e-01
-8.148755669840429539e-01
-8.061334454617724576e-01
-8.185180099297640899e-01
-8.377328387677799304e-01
-8.415031208353038750e-01
-8.504875865790537670e-01
-8.619710076626376782e-01
-8.544521809767252618e-01
-8.743887924779383258e-01
-8.877223179985692658e-01
-8.611989381176502478e-01
-8.537654690595067875e-01
-8.441686585761537520e-01
-8.230764492726270198e-01
-8.446473501054020394e-01
-8.497983228330240335e-01
-8.427124244477368631e-01
-8.956358377446392849e-01
-9.121146744354398095e-01
-8.984933612753116527e-01
-8.960523856818382038e-01
-8.662560054614539817e-01
-8.547213044932766568e-01
-8.652560408741646336e-01
-8.604700413451260577e-01
-8.945319241021280066e-01
-9.002141617658077077e-01
-8.818399907715852581e-01
-8.932719554112301674e-01
-8.556501234752862395e-01
-8.199410490908577431e-01
-8.119711323807516923e-01
-7.677703971909048963e-01
-7.612171895132781030e-01
-7.701249547927726535e-01
-7.581590455082793945e-01
-7.819957887353650161e-01
-7.819477653565977127e-01
-7.721653036387000624e-01
-7.818937754573390686e-01
-7.496507610676301780e-01
-7.208634623466358970e-01
-7.348178105814167083e-01
-7.393595799519505629e-01
-7.572325781978838100e-01
-7.961452012136529532e-01
-7.809567199462722487e-01
-7.638711403157795177e-01
-7.817698297125275086e-01
-7.724759401260448133e-01
-8.158569441288827662e-01
-8.607813070415945012e-01
-8.341681396990288100e-01
-8.224718666532514488e-01
-8.104403337385001072e-01
-7.715423243049372992e-01
-7.818133633586369369e-01
-7.882627847428481660e-01
-7.563553713332005213e-01
-7.858966333301765639e-01
-8.056758596074341527e-01
-8.071491240991208738e-01
-8.659247155119874639e-01
-8.636283918284090033e-01
-8.524298583680505192e-01
-8.736914347832225314e-01
-8.317136197622261307e-01
-8.429144539537041236e-01
-8.466672263174813695e-01
-8.338825893546297774e-01
-8.810092232022302960e-01
-8.763915427543271797e-01
-8.772537271996823094e-01
-8.910240028059557282e-01
-8.638254142201668984e-01
-8.958121901596719505e-01
-9.114873562038957600e-01
-8.792417315115297338e-01
-9.130002088943148797e-01
-9.050910363436105444e-01
-8.832504071294733361e-01
-9.276913617436440829e-01
-9.138623565122502290e-01
-8.861484677533090215e-01
-8.884197077832375333e-01
-8.756317455744961897e-01
-8.606295041702205495e-01
-8.502960622726146722e-01
-8.425964528187889213e-01
-7.910476057392290539e-01
-7.608032584694015554e-01
-7.827144392382688887e-01
-7.633475047375956057e-01
-7.744338203765115392e-01
-7.784281380405161377e-01
-7.275222723547138948e-01
-7.455051488534258919e-01
-7.712256025204088372e-01
-7.717523735256307527e-01
-7.936022999541271217e-01
-7.789916416314804914e-01
-7.532986852592756799e-01
-7.427691602021417872e-01
-7.315425370097327074e-01
-7.361219169055958078e-01
-7.514706217185568304e-01
-7.868521020444969594e-01
-8.285123125711750802e-01
-8.497219270472426977e-01
-8.492728453336262362e-01
-8.671003679923759977e-01
-8.692559122697408602e-01
-8.254744167414258538e-01
-8.323035802461756782e-01
-8.061371815692515153e-01
-7.478162796224291364e-01
-7.782716675273165796e-01
-7.739455081641724021e-01
-7.699026629367853314e-01
-8.284703333307695816e-01
-8.506626657817067949e-01
-8.624503588549460309e-01
-8.720754033532159832e-01
-8.322096818023487774e-01
-8.059341685453984550e-01
-8.091559858698337271e-01
-7.818827893636298709e-01
-7.738209464190662912e-01
-7.943475508985287092e-01
-7.789483825840808340e-01
-7.808142707234124735e-01
-7.736373810117058714e-01
-7.355423911911576074e-01
-7.544700681591540725e-01
-7.652695406015711521e-01
-7.659191423976193791e-01
-7.909808610496918968e-01
-7.811309513525657167e-01
-7.929358225670160021e-01
-8.180185455358554014e-01
-8.195468179131579767e-01
-8.156536358465794612e-01
-7.974181515833471678e-01
-7.523168704100926529e-01
-7.382116247410245302e-01
-7.693309186338125327e-01
-7.907702573915342814e-01
-8.249625229690542572e-01
-8.612195380354134011e-01
-8.398352587467974306e-01
-8.258258312973465465e-01
-8.506139553579163959e-01
-8.373680362342669214e-01
-8.267157914069183100e-01
-8.269139113010561815e-01
-8.086508006060566522e-01
-7.899522800564915403e-01
-8.141936190381880989e-01
-8.423443967334542926e-01
-8.137915302254811190e-01
-8.162166733308203748e-01
-7.969477896109432580e-01
-7.568199315037773545e-01
-7.893907191176707805e-01
-7.809688721438505787e-01
-7.477997286716310255e-01
-7.483075782128434383e-01
-7.140043784644699576e-01
-7.354638950372065498e-01
-7.649157720575688879e-01
-7.534004690152196204e-01
-7.546879960221778427e-01
-7.250426762242793144e-01
-7.250787501383194611e-01
-7.642163008117831557e-01
-7.837712495373346799e-01
-8.235006144350234258e-01
-8.556962671152625877e-01
-8.437691557594731995e-01
-8.635336888300325642e-01
-8.728410650100001389e-01
-8.397211873658961823e-01
-8.155521476757693344e-01
-7.871734272104313757e-01
-7.862451708039979170e-01
-8.271565650186306629e-01
-8.535306641946787121e-01
-8.545750477910214471e-01
-8.541324181330472998e-01
-8.345556702981901109e-01
-8.236655562129994168e-01
-8.749853019250319885e-01
-8.745553568206729800e-01
-8.546795058815844781e-01
-8.725313805937935374e-01
-8.337305163024054666e-01
-8.433383840557000521e-01
-9.024938616425826066e-01
-8.832106390939836738e-01
-8.356705586942395625e-01
-8.131943254344271566e-01
-7.813377787079724968e-01
-7.759941300139681086e-01
-7.882419133641341835e-01
-7.580814176605426002e-01
-7.187363355195793835e-01
-7.263808846352417525e-01
-7.430939536544934887e-01
-7.934262999204019229e-01
-8.579233282580381870e-01
-8.446212475976890843e-01
-8.407056786403658277e-01
-8.278466305207653475e-01
-8.129645562470039222e-01
-8.585481732978003100e-01
-8.490011245920601191e-01
-8.286496215030920709e-01
-8.180939410873839801e-01
-7.934163021414825101e-01
-8.134334794859741091e-01
-8.113729418407122918e-01
-7.856916082751611574e-01
-7.444197503524088155e-01
-7.085294056962426756e-01
-7.222946726600162348e-01
-7.653212656913619405e-01
-8.138525916445481512e-01
-8.027232113709470429e-01
-7.978219779070703233e-01
-8.316749646213944525e-01
-8.273025198137874403e-01
-8.459110920986503412e-01
-8.518018419959383358e-01
-7.787381235970548543e-01
-7.769834168638599659e-01
-7.964502321502522353e-01
-8.060389352084436076e-01
-8.407287030070822453e-01
-8.508253816674409276e-01
-8.300219454878742242e-01
-8.176483830864993418e-01
-8.436672249680169378e-01
-8.345499034386861803e-01
-8.285039062141141830e-01
-8.409528740930275470e-01
-7.676461828552559874e-01
-7.597581970583905386e-01
-8.023039932830574594e-01
-7.716494304823461325e-01
-8.077520738981532888e-01
-8.145800027511878039e-01
-7.409546943910900740e-01
-7.678840374514004363e-01
-7.983301225358911957e-01
-7.545269468838949889e-01
-7.759045891213609547e-01
-7.618892767091790530e-01
-6.882523510938062250e-01
-7.377791353889939785e-01
-7.722525649785763058e-01
-7.763333287153849627e-01
-8.620134044811154084e-01
-8.421670374326364339e-01
-8.112372032368788677e-01
-8.886003894590881469e-01
-8.880780035605365663e-01
-8.875648430976575964e-01
-9.163188965842147260e-01
-8.633672261301116313e-01
-8.409132670757653027e-01
-8.556939650468696756e-01
-8.384884575733433376e-01
-8.314835282762230717e-01
-8.226900715049879631e-01
-7.954242449940949200e-01
-7.747910411522012097e-01
-8.022932111973490876e-01
-8.201451796520843329e-01
-7.995778570677058994e-01
-7.997805306280330040e-01
-8.099812917738620222e-01
-7.939520408181065525e-01
-8.142460108399505181e-01
-8.398963912851702407e-01
-7.861405705994803927e-01
-7.709660956584462044e-01
-7.785381765796509645e-01
-7.054106026571865806e-01
-7.390762126508031438e-01
-7.860712398208229423e-01
-7.291911184627312137e-01
-7.691729330227202732e-01
-7.501803942176012985e-01
-7.005959979301397134e-01
-7.799774184421429668e-01
-7.736559954883694967e-01
-7.558710913342455706e-01
-8.185849480283993174e-01
-7.857108621878905463e-01
-8.072747592645377335e-01
-8.568381156474871307e-01
-8.035693335774630741e-01
-8.137163038074551880e-01
-8.016455136454612163e-01
-7.211384644513906261e-01
-7.391136813311155462e-01
-7.523486416596255610e-01
-7.402041120099088767e-01
-7.703578642519083308e-01
-7.551176138469857246e-01
-7.528623666568532435e-01
-7.700000177849127825e-01
-7.759643507828568598e-01
-7.856036900887933827e-01
-7.649303835406758845e-01
-7.507510439929144797e-01
-7.609594954902618724e-01
-7.733794407111710401e-01
-7.883394573328181831e-01
-8.018912865007238322e-01
-7.939900084933324553e-01
-8.151882422762869451e-01
-8.534603017979401907e-01
-8.459913777261590662e-01
-8.815177139477727852e-01
-8.738302353038648329e-01
-8.071406031978602957e-01
-8.228712917421944217e-01
-8.061051470738518354e-01
-7.676479530719670930e-01
-7.803379734885548258e-01
-7.265846506354743939e-01
-6.834061760271242791e-01
-7.074234889260614390e-01
-7.085317638282876418e-01
-7.579215526065316011e-01
-8.464461149664493922e-01
-8.514388410190684153e-01
-8.698019684072970659e-01
-9.307525540636735206e-01
-9.281250495044315318e-01
-9.106609695217446898e-01
-9.073163109418417305e-01
-8.519276398451530730e-01
-8.081276401518988628e-01
-8.095315240555377434e-01
-8.210122001639890144e-01
-8.210479235178541613e-01
-8.076774123031669195e-01
-7.869108898881871372e-01
-7.530590377837321769e-01
-7.652085596339285312e-01
-7.778376956119051888e-01
-7.473802501178239410e-01
-7.574154403982328310e-01
-7.307717254406964624e-01
-6.887881593128705182e-01
-7.182432726753389396e-01
-7.127922342118409027e-01
-7.110140753806214464e-01
-7.493527524964506137e-01
-7.325539272776043775e-01
-7.547514621164868043e-01
-7.980132951056038149e-01
-8.050824317476125147e-01
-8.127157004523007933e-01
-7.985001643620689427e-01
-7.668722660646810629e-01
-7.665217771858190421e-01
-7.928022634359066512e-01
-7.960094798645515057e-01
-7.942937960334175429e-01
-8.049298789899475004e-01
-7.724221903292647351e-01
-7.680873495941590301e-01
-7.848013613123185905e-01
-7.748649278977924881e-01
-7.915666778574228513e-01
-7.955858465758643971e-01
-7.904472890211047265e-01
-8.059153584635290191e-01
-8.693246801134200119e-01
-9.002738318570726594e-01
-8.736352316559498066e-01
-8.993676931102998484e-01
-8.536563980548871333e-01
-8.132087694058982574e-01
-8.956838654204924977e-01
-8.573053610423498894e-01
-8.085034533704354986e-01
-8.322991250596036839e-01
-7.625300386471685066e-01
-7.512424035925052701e-01
-8.228022214482250130e-01
-7.923664278325860399e-01
-7.806901617298096507e-01
-8.014621264315938687e-01
-7.556993382470872378e-01
-7.793408205340091044e-01
-8.436049050752815193e-01
-8.289863280972609161e-01
-8.228218315354871581e-01
-8.403941498955692646e-01
-8.282317257776302677e-01
-8.403504875252568729e-01
-8.680142569960918042e-01
-8.445200488390675053e-01
-8.285036464118465949e-01
-8.343235228610772491e-01
-7.978757276482468797e-01
-7.950340188931755980e-01
-8.118345738244290288e-01
-8.054001548917060216e-01
-8.086400755612370705e-01
-8.262936563133319590e-01
-8.589501604601532669e-01
-8.541724581925366211e-01
-8.601375295546829225e-01
-8.733306512093362839e-01
-8.309051632816548683e-01
-8.335923263446287645e-01
-8.458750623723444440e-01
-8.347313156572013781e-01
-8.612296573015074674e-01
-8.547880245236392227e-01
-8.347940867034505663e-01
-8.312626749611515820e-01
-8.174084416616390625e-01
-8.252465409096254589e-01
-8.494531486435974443e-01
-8.722834559264504017e-01
-9.025824356935105985e-01
-9.068953346266919180e-01
-8.804330741482270239e-01
-8.795358107913683332e-01
-8.691844388180762770e-01
-8.304560741765374399e-01
-8.265256752210075053e-01
-7.947588679784606258e-01
-7.672782040726241481e-01
-8.192711644592154396e-01
-8.312883214795049325e-01
-8.243745165975830957e-01
-8.409983511412384427e-01
-8.041590616311928841e-01
-7.919514460969890868e-01
-7.992921921892517378e-01
-7.716011503842499231e-01
-7.573123107591795966e-01
-7.515977704029053186e-01
-7.512760040109774939e-01
-7.569983199423157005e-01
-7.810488198002805138e-01
-8.064634962512670091e-01
-8.136503759271900282e-01
-8.255871200936264476e-01
-8.365232628019521055e-01
-8.302629365400139294e-01
-8.230550114155732455e-01
-8.099036816905126335e-01
-7.895252143958235713e-01
-7.825688802616816986e-01
-7.752199119353813117e-01
-7.956817249150190952e-01
-8.234565576397765430e-01
-8.142054934323897930e-01
-8.337071225271478481e-01
-8.366310693915759433e-01
-8.161983047686823811e-01
-8.588598700636203009e-01
-8.476066163282558463e-01
-8.193144007457832112e-01
-8.304185969923864041e-01
-7.917772580910532598e-01
-7.661209065609267954e-01
-7.848850188729797894e-01
-7.800734523331063208e-01
-7.600885765797071869e-01
-7.653472536046802555e-01
-7.631439535366691951e-01
-7.382266131149695099e-01
-7.618710698289352656e-01
-7.737636291125538079e-01
-7.683119333881054391e-01
-7.767264961514140920e-01
-7.494391332358357749e-01
-7.524375544215448075e-01
-7.839118513288551027e-01
-7.857880638309313603e-01
-8.094479837862801341e-01
-8.061342146220341620e-01
-7.909061435952365882e-01
-8.279159894628153049e-01
-8.267580818301802914e-01
-7.927590575651717320e-01
-7.689758453534816240e-01
-7.160168574962072485e-01
-7.078242292703109673e-01
-7.383463542256315515e-01
-7.543564941746664365e-01
-7.805340731746869265e-01
-7.901296591183333273e-01
-7.954832900266829432e-01
-8.406076922026671783e-01
-8.670795578812979798e-01
-8.813302963868028250e-01
-8.797092051990823558e-01
-8.495437688276099575e-01
-8.091060700522536564e-01
-8.117482652982274116e-01
-8.263614306449440505e-01
-8.120807031869392567e-01
-8.214687127265303257e-01
-8.290430006097873061e-01
-8.167651431740919898e-01
-8.537157580069925089e-01
-8.882203408544746548e-01
-8.751828606056913928e-01
-8.883486781856857473e-01
-8.873260903401336552e-01
-8.694849719849822023e-01
-8.911211872989899252e-01
-8.893124050759757537e-01
-8.393227805383720597e-01
-8.314754406145991039e-01
-8.151160554163842109e-01
-7.950960074090464014e-01
-8.430485606984581270e-01
-8.479180764248545055e-01
-8.497492867940062977e-01
-8.909406951651617224e-01
-8.505610312169166187e-01
-8.466501024050594459e-01
-8.562605236234885897e-01
-8.172839956371147352e-01
-8.362871662484439028e-01
-8.422861731892403725e-01
-8.317965918066265729e-01
-8.546331375594539148e-01
-8.642469508763019892e-01
-8.828678641714483577e-01
-9.098830285098618020e-01
-9.259967565897094799e-01
-9.275781535885248008e-01
-8.937191181127388528e-01
-8.663046004945461620e-01
-8.358839283372290208e-01
-8.215930550711857405e-01
-8.393297954468190714e-01
-8.203023072094181023e-01
-7.979585236519431968e-01
-7.930013886932213429e-01
-8.041671335565278023e-01
-8.379467175746784235e-01
-8.489946020494643086e-01
-8.360875436098308411e-01
-7.925383532415072318e-01
-7.710345201757531353e-01
-7.944013129446284571e-01
-8.208207709823431841e-01
-8.350932396445367445e-01
-8.057093257326262137e-01
-8.038521657085420102e-01
-8.059170775894204386e-01
-8.063121790470584305e-01
-8.576947006530072359e-01
-8.494311526959185121e-01
-8.296789769388650537e-01
-8.392412308218671901e-01
-8.204419799116029477e-01
-8.437058370415682074e-01
-8.772975972868171102e-01
-8.612461904320215522e-01
-8.484874055927338343e-01
-8.365376631084573411e-01
-8.329633436906817012e-01
-8.552290902315030641e-01
-8.601524574709207283e-01
-8.359796828850993844e-01
-7.997683118949949765e-01
-7.785442752821845058e-01
-7.754786679890807166e-01
-8.025697656268687696e-01
-8.358193539275220463e-01
-8.406180415083671642e-01
-8.428236042598782340e-01
-8.283982435403373090e-01
-8.060932681883282713e-01
-8.309865130117426446e-01
-8.191905462271378280e-01
-7.840715570822659464e-01
-7.885677325532385318e-01
-7.589663753787356804e-01
-7.677024517579853491e-01
-8.130133277959371574e-01
-7.995822875957464548e-01
-8.098376403933797985e-01
-8.043732506574748919e-01
-7.814377687508727854e-01
-7.943025486504335930e-01
-7.874468716225488940e-01
-8.039795415991275451e-01
-7.901062761129491463e-01
-7.648082449780638781e-01
-8.092419625108868697e-01
-8.164290905237586715e-01
-8.254156901021442172e-01
-8.510244239729604088e-01
-8.131817492075980036e-01
-8.229080234874771582e-01
-8.400436193124063422e-01
-8.179383860293329978e-01
-8.305372414192062624e-01
-8.197094094469054015e-01
-8.133916884024103844e-01
-8.410762600904797548e-01
-8.244098657889042947e-01
-8.233883687629994785e-01
-8.177889863479992361e-01
-7.823042054057258721e-01
-8.079964920583506682e-01
-8.082104677648647151e-01
-7.942121269652356874e-01
-8.055957567632652250e-01
-7.630442279963750574e-01
-7.254950886877373772e-01
-7.261402461552997067e-01
-7.253908398485556797e-01
-7.326468582070831959e-01
-7.382246311278739537e-01
-7.382179971787594663e-01
-7.586094743563635001e-01
-7.903242533677470316e-01
-8.059499869618073076e-01
-8.402893953531971327e-01
-8.686645339170500080e-01
-8.536222490698666121e-01
-8.785344030072327337e-01
-8.926474996480702195e-01
-8.593668396575095958e-01
-8.719717278535498162e-01
-8.480901489494812040e-01
-7.602646342616999897e-01
-7.382769612361520517e-01
-7.370901593920879957e-01
-7.174479462696328191e-01
-7.250198645942114162e-01
-7.346963965870213498e-01
-7.551837118007090899e-01
-7.771923354541777629e-01
-7.861098060407228916e-01
-7.657034433025059483e-01
-7.394019109679571544e-01
-7.429690002892902490e-01
-7.479913803900805069e-01
-7.577436957390978334e-01
-7.912661682809919439e-01
-8.262124998975756140e-01
-8.269642087037858413e-01
-8.145442054146767585e-01
-7.987179596964750772e-01
-7.540206443933018532e-01
-7.397332205829963980e-01
-7.392961695227954211e-01
-7.168915824074769683e-01
-7.371695421822979100e-01
-7.645329937220046723e-01
-7.912584620841606187e-01
-8.485797614076748818e-01
-8.728403212866965299e-01
-8.784230488816117122e-01
-8.954455292264003052e-01
-8.608056860327427673e-01
-8.447058952173249757e-01
-8.541067772062163055e-01
-8.305244998628920072e-01
-8.371880505499409431e-01
-8.511786152306234365e-01
-8.184510263623508974e-01
-8.251102569483298455e-01
-8.137137262595217635e-01
-7.926048964776232220e-01
-8.152484904289836187e-01
-8.328095145423329848e-01
-8.291854720244957733e-01
-8.369171193334762338e-01
-8.220956933065471928e-01
-7.769905821786026179e-01
-7.739168800106651647e-01
-7.587351059002941378e-01
-7.158308505319397330e-01
-7.321198374441807433e-01
-7.165697907246793008e-01
-6.969124486758169201e-01
-7.518305637568574173e-01
-7.415638179816789188e-01
-7.468458604989094418e-01
-8.162535439448935781e-01
-8.044342260082498752e-01
-8.219062394256076987e-01
-8.551442346716960907e-01
-8.098420499883212109e-01
-8.181254925722470928e-01
-8.324023771360465895e-01
-8.162050924429931076e-01
-8.358518102765415403e-01
-8.129957687250136678e-01
-7.626446628066269051e-01
-7.855199244118349355e-01
-7.867823322763340954e-01
-7.663118879857293564e-01
-7.969140671912154916e-01
-7.682609761694159101e-01
-7.378860631710876250e-01
-7.662412910957340229e-01
-7.564933832018895243e-01
-7.412587216305572824e-01
-7.642915934852932969e-01
-7.690110288672066252e-01
-7.697155492704921276e-01
-7.734273761764601796e-01
-7.670334207658779935e-01
-7.416160582638234855e-01
-7.302866067894789870e-01
-7.363084084875088919e-01
-7.187993668709073969e-01
-7.201445415840498354e-01
-7.536140833098986525e-01
-7.341673420282104345e-01
-7.417394127428735828e-01
-7.583999564336942889e-01
-7.482891903358034336e-01
-7.789206275696223258e-01
-7.953177204526271638e-01
-7.854567398804654932e-01
-7.862149166776744025e-01
-7.669922715966221993e-01
-7.818349945491798181e-01
-7.980212461665805446e-01
-7.771422908593464962e-01
-7.788188759611905931e-01
-7.646613427288068143e-01
-7.460890333396714702e-01
-7.566390381323789827e-01
-7.470987111412079607e-01
-7.242511366780169935e-01
-7.137477399818996648e-01
-7.000412734937473402e-01
-6.906334953713966218e-01
-7.160440418787269445e-01
-7.218897843943571369e-01
-7.079524756860202661e-01
-7.497857707129641502e-01
-7.561257098175907521e-01
-7.598735625832041540e-01
-8.006275496364440025e-01
-7.734145061720764103e-01
-7.501917340969448400e-01
-7.586275056470879186e-01
-7.347138823040053612e-01
-7.421294691275868161e-01
-7.700401418184836810e-01
-7.618121948389348086e-01
-7.636854958200640642e-01
-7.497203600487234443e-01
-7.505601699122066428e-01
-7.848625245712642640e-01
-8.085126603610809370e-01
-8.277775060108091276e-01
-8.211558334816198013e-01
-8.187292479570696946e-01
-8.200808028948424200e-01
-7.861174481241027800e-01
-8.159752158622581852e-01
-8.073901016027145161e-01
-7.628404887657980193e-01
-7.960950793167046458e-01
-7.929866086920617230e-01
-7.738765484611459522e-01
-8.039935772253388180e-01
-7.808584103401775556e-01
-7.834379268400291085e-01
-8.217127799094386953e-01
-8.025900599273269043e-01
-8.076866282529211460e-01
-8.017992936772306845e-01
-7.846723879264219104e-01
-8.274278694253643929e-01
-8.126498941110648078e-01
-7.899616422921952319e-01
-7.964811001978261418e-01
-7.568480956850057728e-01
-7.542692039476558419e-01
-7.784962014423884025e-01
-7.511794374326525858e-01
-7.466340634536153820e-01
-7.693345769526854783e-01
-7.735583480863121864e-01
-7.967494253107001434e-01
-8.245407550609671343e-01
-7.921088968301405187e-01
-7.705321390104681312e-01
-7.976405974746108019e-01
-7.863588074405180040e-01
-8.095389823657754835e-01
-8.525606277707793446e-01
-8.164682917451514532e-01
-8.129751521251435964e-01
-8.384073651156549456e-01
-8.212935778658789765e-01
-8.468769709570299620e-01
-8.873097982192448274e-01
-8.779250023445243079e-01
-9.010023758933334292e-01
-9.224636735340424609e-01
-9.325859994048192325e-01
-9.371031592959132572e-01
-9.049573047853521901e-01
-8.728780809081347902e-01
-8.130258881487735234e-01
-7.735254706289592663e-01
-7.949529064060398831e-01
-8.065648438648833629e-01
-8.211811028400365364e-01
-8.455115883781635366e-01
-8.160649981865086833e-01
-8.249447459044858544e-01
-8.673593601636078176e-01
-8.648527136507929702e-01
-8.709023648241126514e-01
-8.349609363083519975e-01
-7.870200868803128857e-01
-7.992934313479883590e-01
-7.959813416903943617e-01
-8.056949742402517156e-01
-8.180962335080443903e-01
-8.141331074655391298e-01
-8.181827253382664145e-01
-8.346255695898981974e-01
-8.718050626554911808e-01
-8.751000773947905653e-01
-8.877901320123066098e-01
-8.879628580807156224e-01
-8.593523701529178771e-01
-8.640883634586132844e-01
-8.303449658889670015e-01
-7.948661915130416089e-01
-7.915066402029559134e-01
-7.550944449764205313e-01
-7.499483230130549183e-01
-7.710895230723453508e-01
-7.648230850832978822e-01
-7.916908993287122831e-01
-8.305409017408350580e-01
-8.161697657600121003e-01
-8.133131513085201103e-01
-8.147518274028994201e-01
-7.935296768404358492e-01
-7.849660812387601050e-01
-7.871789619458360310e-01
-7.893511418389501655e-01
-7.957938977772343048e-01
-8.172094914717925596e-01
-8.142575151712975190e-01
-8.030251954297809025e-01
-8.080766218617490004e-01
-7.822441760999579996e-01
-7.711501277676221511e-01
-7.800426356236722647e-01
-7.666727128918091605e-01
-7.776501160644418986e-01
-7.890894965191782573e-01
-7.671882373212690620e-01
-7.738089778364076743e-01
-7.548528913295551313e-01
-7.639550648729531712e-01
-8.119399439303093269e-01
-7.662312547446896716e-01
-7.564126562888404681e-01
-7.749684221160612063e-01
-7.520295769571530009e-01
-8.167813707776258036e-01
-8.559855010043935231e-01
-8.147725735679006709e-01
-8.253545194090996517e-01
-8.107527433309449361e-01
-7.941005777513158170e-01
-8.353502777607774155e-01
-8.306747598153106926e-01
-7.847064977291505761e-01
-7.585289584663595930e-01
-7.366575533404997600e-01
-7.399535899223343982e-01
-7.816417739679366594e-01
-7.800974073144862908e-01
-7.537235327867418677e-01
-7.513690208769756573e-01
-7.339289493985058366e-01
-7.404586392067562528e-01
-7.696103936044117466e-01
-7.522425431438756194e-01
-7.246881410357841613e-01
-7.269388756031243126e-01
-7.201991205976302490e-01
-7.291481234385034371e-01
-7.729039775463759643e-01
-7.704147341659830506e-01
-7.407328062893245857e-01
-7.524156218931591367e-01
-7.404249127610014192e-01
-7.354574086948219014e-01
-7.745384511457582555e-01
-7.486072597473116819e-01
-7.145518916085545902e-01
-7.168649403140625598e-01
-7.045629656868591661e-01
-1.189072914876195819e+00
-1.145603054389914943e+00
-1.118736614083856162e+00
-1.141682895228298467e+00
-1.092340144133231661e+00
-1.070797597676893975e+00
-1.111177669063197371e+00
-1.088442822366627372e+00
-1.060400615000134383e+00
-1.091499834902178057e+00
-1.086319556380529905e+00
-1.086799628109666127e+00
-1.129566962680805808e+00
-1.150045647489097211e+00
-1.134212952487284598e+00
-1.129876049360770685e+00
-1.136534889851394725e+00
-1.122438997337965372e+00
-1.143051668687796951e+00
-1.141620910442662451e+00
-1.115172321376452613e+00
-1.123684360730478726e+00
-1.090844279379148851e+00
-1.079225063489047454e+00
-1.093482222875949095e+00
-1.048338663482465627e+00
-1.043821175096064202e+00
-1.024887523799500766e+00
-9.676200533849469432e-01
-9.935849030417868155e-01
-9.828227779414103749e-01
-9.598937009359448380e-01
-9.975469492290492957e-01
-9.713838925889838327e-01
-9.820872676270169244e-01
-1.016635867275238470e+00
-9.933857230072402622e-01
-1.005128918996174292e+00
-9.964833070449962138e-01
-9.632492015506504135e-01
-9.651273727327528418e-01
-9.485625544872761106e-01
-9.309864813406042439e-01
-9.311946607930413622e-01
-9.193378820094687542e-01
-9.201237610347700047e-01
-9.439947962967697448e-01
-9.454324527355876251e-01
-9.385745493240078563e-01
-9.508815247592184994e-01
-9.282718950954861326e-01
-9.123400952552915832e-01
-9.296553661667419366e-01
-9.050833380292421237e-01
-9.098590568532598510e-01
-9.206161797897579602e-01
-8.854286464908492915e-01
-9.139053292554708552e-01
-9.172549322101074543e-01
-8.966163648261957775e-01
-9.246822218079344680e-01
-9.046509555335873198e-01
-8.854493183670576473e-01
-8.794476157868283961e-01
-8.446479789948465600e-01
-8.386883803818583338e-01
-8.364002123595889460e-01
-8.276463892427426972e-01
-8.494395560510119569e-01
-8.476876872715188860e-01
-8.427414399566063308e-01
-8.675132651869696954e-01
-8.405329464781676752e-01
-8.180196377013515541e-01
-8.422846035463437131e-01
-8.127949753836662961e-01
-8.196981071153887077e-01
-8.528639521671882440e-01
-8.121479604484121984e-01
-8.241260485512243994e-01
-8.201055632047430377e-01
-8.002027911920133185e-01
-8.614156479783980913e-01
-8.644207381104166421e-01
-8.630782626435168359e-01
-9.002275819186683625e-01
-8.825455745572586830e-01
-8.904289221044526803e-01
-8.961509283659736536e-01
-8.727989506233387873e-01
-8.557866904811153308e-01
-8.343995608375098794e-01
-8.235640844710908626e-01
-8.064785640748827200e-01
-7.984750434612702952e-01
-7.866538823952284876e-01
-7.953602911643670170e-01
-7.939052243065394254e-01
-7.761526399279995436e-01
-8.036371719814869863e-01
-7.960589075384334468e-01
-8.006290195866847537e-01
-8.387181816285926850e-01
-8.286565177498528278e-01
-8.372818428193128382e-01
-8.434101904142291550e-01
-8.407848401244061298e-01
-8.444916775976535339e-01
-8.308458701263242707e-01
-8.174790905414411890e-01
-7.919632727531099592e-01
-7.809713180196374838e-01
-7.994677384341885018e-01
-8.009461288057706518e-01
-8.069929802893479609e-01
-7.870682126976575876e-01
-7.606140126213676300e-01
-7.725433519896651724e-01
-7.591710915431396645e-01
-7.593044735080237695e-01
-7.666741563652602620e-01
-7.429434245660266889e-01
-7.606309908979861367e-01
-7.859791896914803955e-01
-8.097244637998729511e-01
-8.400402201760598375e-01
-8.352599070333077691e-01
-8.032079203896397290e-01
-7.937566193729518327e-01
-8.196774159593449571e-01
-8.151820146682733359e-01
-8.438469883094177337e-01
-8.365794861605500010e-01
-7.843843191181725238e-01
-8.427232389125455247e-01
-8.553979946052500116e-01
-8.271933299033354947e-01
-8.680377535487304730e-01
-8.507746255805294089e-01
-8.341316343181270909e-01
-8.701405948765625897e-01
-8.731427463758949514e-01
-8.419205748549685175e-01
-8.458526007926596701e-01
-8.568110191318798474e-01
-8.558125436603699621e-01
-8.845179713608014582e-01
-9.052804184595245607e-01
-8.944392315649393188e-01
-8.928306721558809667e-01
-8.966929258821724202e-01
-8.876855458186918568e-01
-8.891422582529012741e-01
-8.733711230824148242e-01
-8.434397563621888194e-01
-8.397119131501925571e-01
-8.339434532732260541e-01
-8.367581546400665315e-01
-8.597339932438223808e-01
-8.407311673558890419e-01
-8.309919055974129831e-01
-8.478021635760700780e-01
-8.431403909331802726e-01
-8.818998167052480852e-01
-8.921603392756523032e-01
-8.629460960144597070e-01
-8.702827820964467165e-01
-8.273175014898516144e-01
-8.100956159207864937e-01
-8.206014075037830757e-01
-7.633262037879979811e-01
-7.580475112800432180e-01
-7.451830761345702436e-01
-6.805108248224631673e-01
-7.258639390384196144e-01
-7.410175292069431929e-01
-7.194817550853999100e-01
-7.838037641889060714e-01
-7.726584201408114305e-01
-7.723723409623618474e-01
-8.198679169536985389e-01
-7.988051274153414871e-01
-8.033601163169651338e-01
-8.122370584992181231e-01
-8.046960453133846780e-01
-8.342913673640657279e-01
-8.492989614218061645e-01
-8.677242937872258199e-01
-8.909315666797333888e-01
-8.855568028897311539e-01
-9.022037963268609850e-01
-9.130109341514068833e-01
-9.009542983193791210e-01
-9.143964731905818155e-01
-9.035075790802388207e-01
-8.824259376846501635e-01
-8.830246347179994126e-01
-8.721143234317162429e-01
-8.713417002232929365e-01
-8.713250298033874408e-01
-8.630785811258123719e-01
-8.568819789798804987e-01
-8.424497746105210627e-01
-8.535234640297673092e-01
-8.620519317661713421e-01
-8.416532790003425912e-01
-8.311312122705891703e-01
-8.125517236007571142e-01
-7.964547277504395728e-01
-8.162494658322144714e-01
-8.314058585660795142e-01
-8.306677354871973007e-01
-8.589426373692458094e-01
-8.417407247857667807e-01
-8.100278960733956479e-01
-8.269066367515314209e-01
-8.189536565246092747e-01
-8.138090990519760703e-01
-8.424624682664088038e-01
-8.152806116954943727e-01
-8.062928938239636301e-01
-8.271412717350957733e-01
-7.954442859579909930e-01
-8.063388796871177044e-01
-8.423093885031596173e-01
-8.396953644684809204e-01
-8.645340843386306595e-01
-8.794193550574912477e-01
-8.420784677652898287e-01
-8.460368259073781649e-01
-8.450384803140247314e-01
-8.132424800287213484e-01
-8.317352609969395072e-01
-8.396878175186096582e-01
-8.154600233356272820e-01
-8.401659755233878979e-01
-8.546408295890788320e-01
-8.454699175503697095e-01
-8.809171421883646991e-01
-8.797902461652863382e-01
-8.648460429942094185e-01
-8.837711884497956305e-01
-8.711307065042567244e-01
-8.898531566572770446e-01
-8.993105268814270969e-01
-8.627710528926997302e-01
-8.771317914722932541e-01
-8.675314511960527941e-01
-8.506765805327211050e-01
-8.772904275904154225e-01
-8.674873184362392742e-01
-8.506873096387534972e-01
-8.623527622387405778e-01
-8.234207210349465678e-01
-7.982763341085913344e-01
-8.243856547992920447e-01
-8.198647694233077710e-01
-8.405480178073748698e-01
-8.734696800910536352e-01
-8.471322685481846859e-01
-8.632010327477775968e-01
-8.737118696978940502e-01
-8.504146758114984328e-01
-8.763887402436707497e-01
-8.523534726680328522e-01
-8.168895080560496513e-01
-8.471448679026145623e-01
-8.156091421190515556e-01
-8.106745911750493638e-01
-8.362995664512499205e-01
-7.923729708609827949e-01
-7.976367768431095184e-01
-8.088631656043999696e-01
-7.841763107551449341e-01
-8.093236188534304043e-01
-7.912310954166172916e-01
-7.423334323440831106e-01
-7.401085208880031630e-01
-7.208751635357956156e-01
-7.259923834584027791e-01
-7.588412564956370510e-01
-7.420842935102498483e-01
-7.543599058898615706e-01
-7.854046539377417258e-01
-8.223973795732214542e-01
-8.817356549089332418e-01
-8.720899293718243905e-01
-8.496241052796940085e-01
-8.272575784677184130e-01
-7.639605638763923290e-01
-7.735547988628747040e-01
-7.654456880691129506e-01
-7.200110276613975735e-01
-7.354661149361620964e-01
-7.078058760499850166e-01
-7.002070390359208529e-01
-7.479572821234240498e-01
-7.193598306215852611e-01
-7.414832537496790499e-01
-7.579482024504031745e-01
-7.018450152873083603e-01
-7.433992878731311427e-01
-7.602403634572363345e-01
-7.518645759035977871e-01
-8.127971190221096043e-01
-7.843083819939101753e-01
-7.666157466330785208e-01
-7.960335091231984794e-01
-7.594252960850141898e-01
-7.925229771927159161e-01
-8.136113698620984769e-01
-7.854722352861103207e-01
-8.093899981438384961e-01
-7.662690869499145796e-01
-7.575209082235317970e-01
-7.934626457484332818e-01
-7.601204803652427122e-01
-7.647186453974806897e-01
-7.725040985921426406e-01
-7.291904020848783974e-01
-7.474453948488407606e-01
-7.790732209335299308e-01
-7.753701559424458489e-01
-8.062762903480407140e-01
-8.297641555111409106e-01
-8.230952509178895982e-01
-8.728163519765267386e-01
-8.922700073215945604e-01
-8.720556725840455936e-01
-8.777529690451970623e-01
-8.451889203804400230e-01
-8.223593045928531131e-01
-8.287824140946389306e-01
-8.210286957682696451e-01
-8.132183358753301006e-01
-8.124423514151420944e-01
-8.004308298333869809e-01
-7.951230513302961489e-01
-8.209060316957951242e-01
-8.278122203527803480e-01
-8.143392986828983382e-01
-8.130883876522833065e-01
-7.907161581409539730e-01
-7.897627527790914703e-01
-8.113923022698386056e-01
-7.940009216022633209e-01
-7.624203330634560238e-01
-7.426122963481308625e-01
-7.155363667185759002e-01
-7.218638864337575400e-01
-7.569560729354835038e-01
-7.461143687023351623e-01
-7.470476487587627279e-01
-7.654712243469918853e-01
-7.604058730776561692e-01
-7.842382939618203208e-01
-8.102852809365191922e-01
-8.139929333590711913e-01
-7.895304889135100757e-01
-7.767035711525673847e-01
-7.695054833312331422e-01
-7.487905948548588819e-01
-7.681238832710248765e-01
-7.596953116873792489e-01
-7.460854725797979592e-01
-7.903568628823727238e-01
-8.087507954298517321e-01
-8.642891700325535664e-01
-9.007133761557958307e-01
-8.635271483055561026e-01
-8.622929481122849626e-01
-8.053078627991741012e-01
-7.763224258279487477e-01
-7.995737531733596581e-01
-7.517483236759021636e-01
-7.669838057981316348e-01
-7.647276471988267987e-01
-7.357566637179923097e-01
-7.894255614427428958e-01
-7.903733708509063094e-01
-7.850896200259158686e-01
-8.053987487399937306e-01
-7.754387641979464396e-01
-7.823431542130181437e-01
-8.187628617769103778e-01
-8.202008992806788523e-01
-8.173947885268630920e-01
-8.145910066298481800e-01
-8.049436554362386920e-01
-8.050587973895755312e-01
-8.350329430365319716e-01
-8.303901179327606297e-01
-8.101842104791964205e-01
-8.226796259347829432e-01
-7.674462348828724467e-01
-7.399428307093279811e-01
-7.321967234088967436e-01
-6.649354150973590949e-01
-6.976944585383471065e-01
-7.186161916414562922e-01
-7.115065480861567648e-01
-7.892109446523022376e-01
-8.130379699560577045e-01
-8.256463022580741162e-01
-8.634027787190515779e-01
-8.157552275056167979e-01
-8.039782058455580138e-01
-8.227830926645419707e-01
-7.819853050754567159e-01
-7.877201236310693577e-01
-8.083815364615305477e-01
-7.791242009125652901e-01
-8.039931019240041943e-01
-8.257040450068571236e-01
-8.113655297199687810e-01
-8.399954289430008325e-01
-8.168314623659561624e-01
-7.752795133144213535e-01
-7.945903939381288028e-01
-7.766353386140306680e-01
-7.863869766204824030e-01
-8.129313836157157080e-01
-7.848089787525017735e-01
-7.938349648906374290e-01
-8.046516644376213723e-01
-8.077086118190837105e-01
-8.330320786907208230e-01
-8.021716741426971886e-01
-7.612398403620989074e-01
-7.427020559389511112e-01
-7.254616182532837021e-01
-7.390971420152324667e-01
-7.798978601510598851e-01
-7.775863620459610992e-01
-7.698396459161723770e-01
-7.993729160968521263e-01
-7.997141410755180813e-01
-8.318164733560424740e-01
-8.673978545882503610e-01
-8.267989225542953236e-01
-8.297374980404567113e-01
-8.553795209271377598e-01
-8.675350913311331569e-01
-9.053565542005976852e-01
-8.922675235426724694e-01
-8.398955747578927822e-01
-8.008240265433155258e-01
-7.584906183491357812e-01
-7.494661464804140971e-01
-7.791669644327064992e-01
-7.645839012693365078e-01
-7.535086143114578805e-01
-7.601500051114370438e-01
-7.583995719207877739e-01
-7.940681645993303839e-01
-8.234439596895062330e-01
-8.032739225868869015e-01
-8.049054603529127716e-01
-8.277658224323412028e-01
-8.406123150451720871e-01
-8.672481665898783554e-01
-9.047210997222958628e-01
-8.927535522002908452e-01
-8.700870965093092657e-01
-8.704221663692212063e-01
-8.623753770567228472e-01
-8.647945116487039119e-01
-8.672528266866198488e-01
-8.189109896760834451e-01
-7.724155340467179220e-01
-7.615112721199989165e-01
-7.607847793663846669e-01
-7.990655363766102637e-01
-8.194075347360242345e-01
-8.173383563362727200e-01
-8.153995187065160577e-01
-8.247044259740116123e-01
-8.340295621967823703e-01
-8.410936659884605815e-01
-8.649670047507300730e-01
-8.528552552336835513e-01
-8.417769434015309749e-01
-8.584478010954352811e-01
-8.355507017708391215e-01
-8.486168436035220752e-01
-8.748388255482512088e-01
-8.463919843956699829e-01
-8.751329343297241659e-01
-8.965507759300731516e-01
-8.774666083185722609e-01
-8.843939886452075738e-01
-8.713529112057298853e-01
-8.468126202354201437e-01
-8.647486977027507571e-01
-8.881476720365633071e-01
-8.798684419023412584e-01
-8.770587343862550345e-01
-8.557874189138808818e-01
-8.420007493505468066e-01
-8.587664998079248546e-01
-8.492939342581995454e-01
-8.668351105637658316e-01
-8.748530153257791930e-01
-8.561578551447315277e-01
-8.847033791146996506e-01
-9.154143029778247787e-01
-9.157686041354197171e-01
-9.141905395179350524e-01
-8.925943014585531188e-01
-8.731909037196606826e-01
-8.720246709980059574e-01
-8.973147749374436044e-01
-9.155557182695741592e-01
-9.087241728877468727e-01
-9.016075249606445574e-01
-8.637446141265171518e-01
-8.363731493476398438e-01
-8.188304903278639246e-01
-7.891606622294048412e-01
-7.857871239480911374e-01
-7.704168363925479879e-01
-7.630219443725732020e-01
-7.761975082597104558e-01
-7.656664579879788324e-01
-7.759333906448095952e-01
-7.623634177963174441e-01
-7.391087448772107882e-01
-7.677603746429776388e-01
-7.666413298953880240e-01
-7.716139021624102146e-01
-8.034768035517693141e-01
-7.757798236038392359e-01
-7.705859028153657642e-01
-7.775516239193963619e-01
-7.407187949252252990e-01
-7.205883859436836847e-01
-7.153005998605288518e-01
-7.023498292079402017e-01
-7.089859251854216948e-01
-7.213514981569110196e-01
-7.279093877467379681e-01
-7.553515581167397075e-01
-7.699509506020800753e-01
-7.656830274597508090e-01
-7.833549228364581341e-01
-7.802954453478800900e-01
-7.497507132273752983e-01
-7.447292940887567658e-01
-7.117247030190767543e-01
-7.013665559360371393e-01
-7.177138605737948263e-01
-6.825814882373772985e-01
-6.781719848017994101e-01
-6.685318787279915798e-01
-6.645868145874855859e-01
-6.935709405288175144e-01
-6.898222005296479331e-01
-6.973928641724906896e-01
-6.963331403906811712e-01
-6.918634302105647338e-01
-6.978417940176846468e-01
-6.939017739501376347e-01
-7.065512133039357767e-01
-6.960191362324379405e-01
-7.006439556577437333e-01
-7.215692300685259131e-01
-7.181351322359446065e-01
-7.457644175046848067e-01
-7.588163597234086621e-01
-7.414841806598636564e-01
-7.383564830127837819e-01
-7.279037837979261960e-01
-7.188821253078316875e-01
-7.199107889106203251e-01
-7.038201742732896893e-01
-6.627928440984829361e-01
-6.456189549480603196e-01
-6.608414935588261541e-01
-6.836253858335100686e-01
-7.007390161611922741e-01
-7.169940776902958834e-01
-7.138405293533829354e-01
-6.931599927205267520e-01
-7.073809972775455535e-01
-7.132196928231959721e-01
-7.060763276522744603e-01
-7.116363927851566684e-01
-7.191091460456671136e-01
-7.212895757331868607e-01
-7.150027214841130352e-01
-7.347171660426560225e-01
-7.409965120569725894e-01
-7.347417086687194621e-01
-7.643102428488957045e-01
-7.773283705722688897e-01
-7.930845123524528084e-01
-8.413799517795497174e-01
-8.401470429326347578e-01
-8.441963655067739047e-01
-8.509928209576518299e-01
-8.301748432413563750e-01
-8.316874930175578440e-01
-8.135454422904275784e-01
-7.936728647391145808e-01
-7.872795654404884935e-01
-7.649512260921226270e-01
-7.520479001696259713e-01
-7.519627649717630646e-01
-7.497450378676854266e-01
-7.310352711564407358e-01
-7.562529120971522856e-01
-8.042570190330613489e-01
-8.259825346416919123e-01
-8.708906566326843901e-01
-9.023072783045771317e-01
-8.825538048203533936e-01
-8.795178145080144727e-01
-8.648556576857826528e-01
-8.258242957809052154e-01
-8.261074601590654432e-01
-8.184280811277063750e-01
-7.763902547074166272e-01
-7.532349005981797685e-01
-7.356356638862171504e-01
-7.326712182577971300e-01
-7.771055783844260656e-01
-8.027716628927068498e-01
-8.046303641867947887e-01
-8.165987416309419267e-01
-8.199355667253871438e-01
-8.151175105057674175e-01
-8.121062508196673635e-01
-7.901762771186400247e-01
-7.547310971170786420e-01
-7.450106433879860601e-01
-7.476512170808147228e-01
-7.377886130295359113e-01
-7.282052310101632120e-01
-7.013776119679233645e-01
-6.878215307601166506e-01
-6.961737002695574938e-01
-7.207036933111232724e-01
-7.578951814447438817e-01
-7.566065401708328420e-01
-7.630834031190847355e-01
-7.825588581316282877e-01
-7.881995872135796333e-01
-7.992064030937384711e-01
-7.876761001121087569e-01
-7.559645494814286604e-01
-7.091333154824390750e-01
-6.683886988205698376e-01
-6.763431005226914206e-01
-6.591746169023166013e-01
-6.346839601471097048e-01
-6.362557967566389028e-01
-6.054481790882253467e-01
-6.119756850463364817e-01
-6.574651499074770644e-01
-6.673130950188294053e-01
-6.609611293023358591e-01
-6.654556200197384586e-01
-6.630570771794599416e-01
-6.901086190463637804e-01
-7.426421817443547013e-01
-7.668795823285436963e-01
-7.817124847863142767e-01
-7.790527290027592366e-01
-7.711666306409539207e-01
-7.913988592455485360e-01
-7.982317583500214697e-01
-7.909429717704996587e-01
-7.758794364481798045e-01
-7.429263937521862760e-01
-7.568548494182939512e-01
-7.904989020042157977e-01
-7.971100593920320554e-01
-8.085075434810928829e-01
-7.596244059549541738e-01
-7.298015744718906461e-01
-7.538457866712647837e-01
-7.545863710460742890e-01
-7.928555018984563274e-01
-7.906998937391538362e-01
-7.325838621583922183e-01
-7.459402183396655062e-01
-7.394124362225423797e-01
-7.491424835434863372e-01
-7.806387206781523203e-01
-7.100689558926658318e-01
-6.599830116849749739e-01
-6.402590657998001866e-01
-6.279251472877609430e-01
-6.837552599119555152e-01
-7.170494645432469172e-01
-7.224556343267751757e-01
-7.250000665861439098e-01
-7.245257983794030077e-01
-7.634022142695328084e-01
-7.820666110234892887e-01
-7.907017939773327564e-01
-7.827428455389237039e-01
-7.463563311077003881e-01
-7.580126887444916806e-01
-7.931744728826504165e-01
-7.933029023076337838e-01
-8.079472354560361946e-01
-7.787446248665316206e-01
-7.234196043263307896e-01
-7.596295711407492490e-01
-7.649507936015567111e-01
-7.673304197104483526e-01
-8.026143920666269915e-01
-7.347618719605628623e-01
-7.358493871012772303e-01
-7.876176143777099403e-01
-7.680795225240309998e-01
-8.393991042610516873e-01
-8.228861275396621711e-01
-7.535585053633406805e-01
-8.119332804564923789e-01
-7.894966380010294271e-01
-7.888184816777642494e-01
-8.493158223386797490e-01
-7.735275973875853639e-01
-7.663630270570440661e-01
-7.978658613932032573e-01
-7.520027888670112182e-01
-7.733304964462898168e-01
-7.773216825517261785e-01
-7.116973832743422879e-01
-7.424571381029485551e-01
-7.519385349912535155e-01
-7.486035383616322925e-01
-8.132686647347473485e-01
-7.927647538991600129e-01
-7.498311588574223530e-01
-7.749396310613805294e-01
-7.386225517577793553e-01
-7.202400815297500536e-01
-7.408596746797315724e-01
-7.251770455550776706e-01
-7.127624939526728820e-01
-7.302678438839997899e-01
-7.503969421261486028e-01
-7.569385835119694095e-01
-7.792807523714512241e-01
-7.982877734114685042e-01
-7.766131692766187200e-01
-7.974303160764908416e-01
-8.263934691708678670e-01
-8.107642288127395735e-01
-8.157634869770375996e-01
-8.025516400189860455e-01
-7.733637624676281686e-01
-7.824037386946806061e-01
-8.057349999936412877e-01
-8.166936811726133172e-01
-8.272988972089458937e-01
-8.474579004963851414e-01
-8.488156656462169103e-01
-8.498376388773101198e-01
-8.516525345969345739e-01
-8.409017276261893103e-01
-8.170355513466888153e-01
-8.090776377281742038e-01
-7.730763643899096760e-01
-7.449150412077552019e-01
-7.608406029708577600e-01
-7.195519286797655845e-01
-7.049298813631069693e-01
-7.193337250284168594e-01
-6.675292736443210195e-01
-6.906203538348258952e-01
-7.128360739231189847e-01
-7.002407760152238314e-01
-7.602455239980030477e-01
-7.702257919372811346e-01
-7.746679783679951692e-01
-8.250974861899432744e-01
-8.367501113004347513e-01
-8.500196370089173614e-01
-8.783355283525702273e-01
-8.743316821206941203e-01
-8.614786522991139117e-01
-8.568980011628564153e-01
-8.215865546799742125e-01
-7.644368777174512797e-01
-7.236442053947380604e-01
-6.906809239649327470e-01
-6.956747508261600377e-01
-7.085630309541435246e-01
-7.040220041544191787e-01
-7.136170564784993786e-01
-7.112657798388178909e-01
-7.154943742760827563e-01
-7.407703718253367819e-01
-7.445943194072737192e-01
-7.467392106240947625e-01
-7.637204608589315269e-01
-1.203634792128008613e+00
-1.172997458633872503e+00
-1.179143392214521802e+00
-1.192524114778211519e+00
-1.128163396418325082e+00
-1.124897524022282269e+00
-1.131270143487647761e+00
-1.095358359554653660e+00
-1.116798712597739440e+00
-1.135844805526969648e+00
-1.117890958339044616e+00
-1.143288235721351853e+00
-1.174202455107218324e+00
-1.192430232464064987e+00
-1.186712239655088208e+00
-1.172973555201997309e+00
-1.159379642404825717e+00
-1.131288530010659210e+00
-1.126733828074098831e+00
-1.143635811249824386e+00
-1.137372436299050937e+00
-1.124720292210157568e+00
-1.119811809227828414e+00
-1.101683470176042512e+00
-1.096334172212101388e+00
-1.098788751175117318e+00
-1.085175005091290501e+00
-1.084414238639007655e+00
-1.077908172755660088e+00
-1.045513295721859803e+00
-1.049010833316531999e+00
-1.073911233710979962e+00
-1.061587685803175862e+00
-1.037197365821908690e+00
-1.040464669110247709e+00
-1.041166727822404159e+00
-1.040179868168747745e+00
-1.057812128313627253e+00
-1.045089570455703498e+00
-1.020184801236730499e+00
-1.016515450554473787e+00
-1.003331208972785937e+00
-1.016908849512689006e+00
-1.020048671433398502e+00
-9.984490968245577358e-01
-9.967966635409768461e-01
-9.693266256323201935e-01
-9.608620488064623100e-01
-9.683473513271765309e-01
-9.341224567643079402e-01
-9.093525365288150919e-01
-8.899201671026311100e-01
-8.743219537782186412e-01
-8.873332179767027261e-01
-8.980529326119023326e-01
-9.184021236122437148e-01
-9.217094243257742958e-01
-9.117601565453521406e-01
-9.172818289495574540e-01
-9.217713796844532181e-01
-9.422921387862209786e-01
-9.635798109142660328e-01
-9.584189445310932198e-01
-9.629993924994734167e-01
-9.721393696788892536e-01
-9.818128721105601198e-01
-1.024205015154396214e+00
-1.043818951145360163e+00
-1.033946893960523195e+00
-1.050666549026993968e+00
-1.046514383619010058e+00
-1.029069763257147052e+00
-1.030568691808430692e+00
-9.936967258670769132e-01
-9.539616316854609979e-01
-9.408678856428871473e-01
-9.158274321444861421e-01
-9.244587171908417167e-01
-9.238815491448516548e-01
-8.870208837222530729e-01
-8.853744671605509042e-01
-8.749565277824481457e-01
-8.703742470500602790e-01
-9.114492609351522168e-01
-8.883174317585784685e-01
-8.708510107159402880e-01
-8.797427356310737467e-01
-8.676246670965731544e-01
-9.184451125934709470e-01
-9.391872269640876292e-01
-9.198900338107618424e-01
-9.312853864635030066e-01
-9.012017817302307998e-01
-9.002653841165871862e-01
-9.535042516391074585e-01
-9.335412188845373382e-01
-9.007618821918368379e-01
-8.865844627053443006e-01
-8.252969054468620724e-01
-8.093172910926411667e-01
-8.266696275099637559e-01
-8.209146456973867023e-01
-8.444627904552766129e-01
-8.569541968411358290e-01
-8.545864247179629780e-01
-8.841572027462786254e-01
-8.944308353674130796e-01
-8.995667849595698762e-01
-8.867432573033209309e-01
-8.518214800706758183e-01
-8.519120940609922199e-01
-8.545936992235576568e-01
-8.656962636266474220e-01
-8.788760431620722402e-01
-8.589030334486684737e-01
-8.634651227039139565e-01
-8.938007546197730413e-01
-9.030679074246628080e-01
-9.357556286366756071e-01
-9.373683333296305431e-01
-9.106659654928883629e-01
-9.096299168188574091e-01
-8.928179863655772985e-01
-8.929179148795044485e-01
-9.162509632182764818e-01
-8.994099724287938358e-01
-8.866111516227140887e-01
-8.731407302762380640e-01
-8.556215121911122656e-01
-8.651475723580778210e-01
-8.691405186002751915e-01
-8.651224608365075674e-01
-8.632940349938964530e-01
-8.814801365731642635e-01
-8.911142990276103015e-01
-9.009265483670843011e-01
-9.220300267206690270e-01
-9.005088512540230239e-01
-8.824141958389658535e-01
-8.795912636068515811e-01
-8.744605163274603576e-01
-9.082303119454967488e-01
-9.078099485586041961e-01
-8.953235630405019796e-01
-9.095305303710021771e-01
-9.127182123824290061e-01
-9.204692917037762268e-01
-9.405652738332228591e-01
-9.388922913819989224e-01
-9.153682340853707133e-01
-8.941444916809789811e-01
-8.796228698848951311e-01
-8.709991551981123292e-01
-8.685924413864666294e-01
-8.607303632577981700e-01
-8.568738636694112065e-01
-8.639282843736032502e-01
-8.715248304372531507e-01
-8.932417679949249401e-01
-8.967620769748252396e-01
-8.805732912852164418e-01
-8.858374372817031661e-01
-8.694667078616595823e-01
-8.639515675982168963e-01
-8.660535167696558068e-01
-8.391725063238892890e-01
-8.577125346791433236e-01
-8.552515052835718556e-01
-8.608253978870603618e-01
-8.850181404241419525e-01
-8.569260094875197353e-01
-8.703471933803768046e-01
-8.807844539573481679e-01
-8.555651396168979517e-01
-8.837811135472021240e-01
-8.692536701223249063e-01
-8.523032615326534556e-01
-8.916547197416310189e-01
-8.603560728600244678e-01
-8.770860901720900493e-01
-9.205030129853059018e-01
-8.872046745703905390e-01
-9.059061570182325163e-01
-8.896329132890310465e-01
-8.384958473680584889e-01
-8.470093624047914105e-01
-8.248107391395049781e-01
-8.040846951883307003e-01
-8.063253684872686566e-01
-7.784523792429407507e-01
-7.759875793798737265e-01
-7.789572306743025587e-01
-7.615227673992471802e-01
-7.617920839879934736e-01
-7.499663875382145406e-01
-7.486710640577894926e-01
-7.650056100418541893e-01
-7.520811017705759660e-01
-7.544304956914835714e-01
-7.551743819607252828e-01
-7.391172944686409396e-01
-7.613718568321928837e-01
-7.393335905430337140e-01
-7.107867774425251639e-01
-7.209372618391587384e-01
-6.772208693962828985e-01
-6.853344569928021546e-01
-7.152236432932044252e-01
-6.997844112564041152e-01
-7.466267829108655940e-01
-7.418792456295759674e-01
-7.173788275406856041e-01
-7.450191374745047668e-01
-7.278879844262983179e-01
-7.281598201378315371e-01
-7.242566717475208415e-01
-6.942992478156673197e-01
-6.975729103485487359e-01
-6.885449866251422968e-01
-6.979432352879487711e-01
-7.224535181803771744e-01
-7.136084946919517558e-01
-7.182829273232262945e-01
-7.166316764466541533e-01
-7.164816828213191879e-01
-7.404144080592126587e-01
-7.462000184227685073e-01
-7.604040137129444155e-01
-7.613860381112593778e-01
-7.673686207905922041e-01
-7.997637410906456301e-01
-7.954157363430690575e-01
-7.992104565749996725e-01
-8.076693305503266362e-01
-7.824981797081856927e-01
-7.993460893151381752e-01
-7.948340007167087329e-01
-7.535051106567163259e-01
-7.623338564784558624e-01
-7.248225329921224036e-01
-7.190311402610619629e-01
-7.383466112415804083e-01
-7.068416485099789925e-01
-7.254346321713327495e-01
-7.300648591708244206e-01
-7.397579057715424344e-01
-7.733991223633407408e-01
-7.603154656733631667e-01
-7.802727159729868633e-01
-8.014853745917771555e-01
-8.089247029208289641e-01
-8.397642370962459246e-01
-8.347693362436185982e-01
-8.321811397043482605e-01
-8.339735037907606285e-01
-8.132730961831159400e-01
-8.070367745342070798e-01
-7.985051423691643668e-01
-7.929125335607434266e-01
-8.115647011925600784e-01
-8.150408262817063765e-01
-8.132696306645775808e-01
-8.211925694736492698e-01
-8.036361457860581314e-01
-8.047917328979259377e-01
-7.990829234219907207e-01
-7.872730081108907374e-01
-7.649418035928268189e-01
-7.232746512776631054e-01
-6.997590840076391983e-01
-6.698419183720840664e-01
-6.666216664351741761e-01
-6.994716754044852935e-01
-6.868268412129099332e-01
-6.910380461925138551e-01
-6.970461353652801506e-01
-6.552184973691820291e-01
-6.828643514556850258e-01
-6.881105258497691723e-01
-6.752771179563376025e-01
-7.140551124674657801e-01
-7.193617996757968314e-01
-7.316568014129263275e-01
-7.473689223777510993e-01
-7.401550002146403129e-01
-7.415506394844487703e-01
-7.501339887523158501e-01
-7.692855078017470927e-01
-7.584432818972433044e-01
-7.651491680676769658e-01
-7.580277262361140300e-01
-7.420382438866600650e-01
-7.573503539580379584e-01
-7.137299616109809008e-01
-6.941679166072917129e-01
-6.677007135852401909e-01
-6.406738618615416270e-01
-6.543104673415990336e-01
-6.397919831712097771e-01
-6.453356830124877819e-01
-6.306451751586544807e-01
-6.252932870135863297e-01
-6.526773990109648871e-01
-6.372424030593455413e-01
-6.559779589776293385e-01
-6.621673078838543614e-01
-6.522175119528976772e-01
-6.796148360064918625e-01
-6.684458753500170936e-01
-6.515250472566320727e-01
-6.500850702766496347e-01
-6.426813993610360765e-01
-6.509236783340780486e-01
-6.752991208545388035e-01
-6.848379544415228448e-01
-6.879686789488695942e-01
-7.084013204325141366e-01
-6.873061042394504883e-01
-6.657756648557993095e-01
-6.775374947011720828e-01
-6.648952446961250429e-01
-6.834534857528742346e-01
-6.965328140732448547e-01
-6.625372049098802174e-01
-6.785999771197157582e-01
-6.846559842088218995e-01
-6.766652304965633524e-01
-7.210862183633084399e-01
-7.141181750307280529e-01
-6.860125304442866723e-01
-6.968797647540108109e-01
-6.860888982730654062e-01
-7.013349799008520291e-01
-7.337333091971095511e-01
-7.132443796037580830e-01
-6.975368675702361410e-01
-6.879431495404860764e-01
-6.774070106200520414e-01
-6.832432975442668255e-01
-6.886765480671982465e-01
-6.860021723476864564e-01
-6.882826745965352488e-01
-7.059092426813664556e-01
-7.273954706754343080e-01
-7.553589671712509501e-01
-8.006305042594612509e-01
-8.028251811994533416e-01
-8.038758986307920074e-01
-8.067532677705535615e-01
-7.871752378950712670e-01
-7.912046867358801805e-01
-7.652204070982736583e-01
-7.213230404572623655e-01
-6.955262668190069775e-01
-6.514349226470286247e-01
-6.501253400335280652e-01
-6.674620399463963016e-01
-6.692453826737427836e-01
-6.852053426875799325e-01
-6.941616896034905615e-01
-7.115867725673848954e-01
-7.463892210963268825e-01
-7.609914699532084326e-01
-7.439245358971009470e-01
-7.544373983162656616e-01
-7.433208919983314011e-01
-7.111490696370263986e-01
-7.282939263232226512e-01
-6.928016646411667701e-01
-6.556005954122244850e-01
-6.943151536590793649e-01
-6.747143247752035444e-01
-6.770138038640298728e-01
-6.997091853769958902e-01
-6.581175734043600567e-01
-6.538490293745113924e-01
-6.690017695681047538e-01
-6.649780128265829759e-01
-6.768114664019240223e-01
-6.877510772340786893e-01
-6.733402060697558644e-01
-6.604519466699819708e-01
-6.960071475106713867e-01
-6.969437929337957138e-01
-6.764647390708381502e-01
-6.885405505931103676e-01
-6.461739551092444689e-01
-6.294126776852355665e-01
-6.724142538882652564e-01
-6.663555242437579906e-01
-6.496171061430815463e-01
-6.329936803701485815e-01
-5.871050135101313350e-01
-5.882660872466727309e-01
-6.467649360908018785e-01
-6.693881394758399717e-01
-6.874650482468711576e-01
-7.137464598317230235e-01
-6.839506441137797044e-01
-7.154256083530047272e-01
-7.609974781305683944e-01
-7.388721736315434496e-01
-7.331978294146496156e-01
-7.011325015316183240e-01
-6.837399707076472488e-01
-7.204838472868309029e-01
-7.323225731796402238e-01
-7.358774648464626589e-01
-7.288697292650991866e-01
-7.124915618580610621e-01
-7.286430416408448130e-01
-7.440116668662030142e-01
-7.216288138045559020e-01
-6.939750884205422299e-01
-6.710950667671358172e-01
-6.445155955230010836e-01
-6.546372097099362186e-01
-6.858504074116584803e-01
-6.864416645360443825e-01
-6.798187979327109387e-01
-6.898780014793493010e-01
-6.913555348219004859e-01
-7.288996075266988006e-01
-7.713587574921467738e-01
-7.850459528479963867e-01
-7.844226840578494286e-01
-7.822491346947063606e-01
-8.011218562809608867e-01
-8.210136179434307513e-01
-8.263783289039519087e-01
-8.471402453868142057e-01
-8.201078938736717783e-01
-7.905866260010574464e-01
-8.019496901536917743e-01
-7.687519657731252121e-01
-7.775695646763427504e-01
-8.042087902793171317e-01
-7.443235431144741288e-01
-7.428584761241584511e-01
-7.380338064622857797e-01
-7.058044927264156554e-01
-7.609754481747820209e-01
-7.411369761554458258e-01
-6.946101175776195902e-01
-7.232432950715735887e-01
-6.851954827037582962e-01
-6.900092756460873833e-01
-7.496530605063509434e-01
-7.240331378682909325e-01
-7.158104596609515813e-01
-7.238571956414444619e-01
-6.979832548488172916e-01
-6.889293276263719346e-01
-6.842647683136912073e-01
-6.468601611755383507e-01
-6.329336675622767583e-01
-6.531491625539083135e-01
-6.489610330495678703e-01
-6.979405131900284776e-01
-7.426678158840089861e-01
-7.519064665252752633e-01
-8.148369936557608995e-01
-7.923804556244643527e-01
-7.780166225908676791e-01
-8.098593872222860091e-01
-7.466633726582514452e-01
-7.517392273577021555e-01
-7.517552991139602181e-01
-7.180418433554575097e-01
-7.565915704983791068e-01
-7.620067931234935088e-01
-7.661831886595478203e-01
-7.919539199715935895e-01
-7.883150624830418396e-01
-7.892097695373943012e-01
-7.989430608058718519e-01
-8.010910380817396481e-01
-7.833159612641952263e-01
-7.804337246198603806e-01
-7.841287500471715299e-01
-7.524135378329899204e-01
-7.840783576234116037e-01
-7.977126783208222660e-01
-7.887466026714062828e-01
-8.046207848987555478e-01
-7.646453859169174416e-01
-7.401709594032044315e-01
-7.355091835278116941e-01
-7.159893546431824740e-01
-7.280782802358660710e-01
-7.500804365551289044e-01
-7.275818401112502665e-01
-7.243628624025262308e-01
-7.492295762899663369e-01
-7.428939429892422730e-01
-7.693227882563589137e-01
-7.831658362033830922e-01
-7.450732868709645240e-01
-7.645826607042794931e-01
-7.486142121953606177e-01
-7.683776492829164084e-01
-8.055859342915443477e-01
-7.578809911844336389e-01
-7.860749684613358435e-01
-7.731712746234628009e-01
-7.390032789565951221e-01
-7.804102882477460534e-01
-7.433009353943674791e-01
-7.415728488815720443e-01
-7.393292979007864973e-01
-7.008715322641089207e-01
-7.256050376931468815e-01
-7.008487797742962711e-01
-7.234997589931262407e-01
-7.329585436262928688e-01
-6.927187975831687883e-01
-7.370915614084199152e-01
-7.340118332615802599e-01
-7.243374734197047804e-01
-7.538756789647619305e-01
-7.214695426470172368e-01
-7.081299459941454710e-01
-7.146616248677467587e-01
-6.958655204882112644e-01
-7.035401509307741552e-01
-6.913187654547251482e-01
-6.831729876196659390e-01
-6.998510555690147239e-01
-6.693640357952982400e-01
-6.743606990863968420e-01
-6.767653064321830225e-01
-6.427081223858525094e-01
-6.640045831664772580e-01
-6.428384040309487180e-01
-6.404606036200988228e-01
-6.529914507830666404e-01
-6.095995872750434863e-01
-6.513107118408245633e-01
-6.441960732812018753e-01
-6.418021471427821645e-01
-6.958291392284016164e-01
-6.705450908533518994e-01
-7.237570610227245238e-01
-7.554856645138100513e-01
-7.348110972190327050e-01
-7.791915950530139412e-01
-7.489792497917751035e-01
-7.391714560005181456e-01
-7.368523824240602593e-01
-6.883972409618804855e-01
-7.115318674582564729e-01
-6.904331675377448629e-01
-6.790767162396791345e-01
-7.048415110447205922e-01
-6.833566912071938892e-01
-7.211810823202805532e-01
-7.436110737696468576e-01
-7.505287331202378232e-01
-7.731702932958229857e-01
-7.611890026108428797e-01
-7.712294082654042038e-01
-7.732518298213889585e-01
-7.602734150818147851e-01
-7.221627545806894588e-01
-6.769148427188557138e-01
-6.498675376903010337e-01
-6.207616909345282652e-01
-6.463095898539498174e-01
-6.300254664733135890e-01
-6.123884466166723550e-01
-6.403936805230969753e-01
-6.088976930828243761e-01
-6.493377484387896637e-01
-6.667032398041506935e-01
-6.515358764254955970e-01
-6.825100400894351660e-01
-6.575818076240459442e-01
-6.674289826485247934e-01
-7.029808798016272675e-01
-6.968671652145533857e-01
-7.380603176355577943e-01
-7.557259909932693143e-01
-7.607358498825506077e-01
-7.994713386421162804e-01
-7.784771680036404184e-01
-7.614981223822909762e-01
-7.639395393450268967e-01
-7.272841507790387405e-01
-7.212645366126305690e-01
-7.191092496971041026e-01
-7.006466830826880710e-01
-7.083358946087096042e-01
-6.909420749509987969e-01
-6.985382236354430452e-01
-7.272785849473486497e-01
-7.365743609238863954e-01
-7.854972029645383991e-01
-7.898452728438309922e-01
-7.623600783818318405e-01
-7.859008212380461655e-01
-7.791202657549860522e-01
-7.709253438858751917e-01
-7.894232096790864128e-01
-7.702856468407481838e-01
-7.597427007872690208e-01
-7.528154570525409373e-01
-7.237582922933770702e-01
-7.209337728761213704e-01
-7.240538579108903861e-01
-7.042568839329947927e-01
-7.010731862669784542e-01
-7.121523036307413346e-01
-7.260590782447321478e-01
-7.359835311015355819e-01
-7.300690429958452965e-01
-7.290043874128500079e-01
-7.443599368542180850e-01
-7.553751335684715240e-01
-7.525544969782699267e-01
-7.683976352079642247e-01
-7.382327409788852490e-01
-6.890815877082577812e-01
-7.116031033061092081e-01
-6.800108611774660083e-01
-6.475137621200268701e-01
-6.997485149791978776e-01
-6.765267313111422709e-01
-6.525070478520784700e-01
-6.859925459902076472e-01
-6.623182094428456956e-01
-6.648631047859365761e-01
-7.016167942296754889e-01
-6.979644738173871321e-01
-7.091343873132617270e-01
-7.463753804086187271e-01
-7.412606414342378658e-01
-7.528623707258942366e-01
-7.866653538094356968e-01
-7.461233079345445107e-01
-7.469363526301158185e-01
-7.526053547158164658e-01
-6.999431026782104714e-01
-7.214549512259670339e-01
-7.341682894431841300e-01
-7.044139979986213662e-01
-7.598677290165940512e-01
-7.485193018476445914e-01
-7.222815290547947020e-01
-7.685666954136488593e-01
-7.128319487867279536e-01
-6.920279531191015909e-01
-7.004871188064711873e-01
-6.346229657560545911e-01
-6.639055913914180262e-01
-6.768977743835419281e-01
-6.374664912131838834e-01
-6.784114087381248881e-01
-6.581548098571834426e-01
-6.384421198498345662e-01
-6.776273477653816935e-01
-6.638472005673510257e-01
-6.712048258846264881e-01
-6.817971484018644501e-01
-6.502668546594357890e-01
-6.561493001673081027e-01
-6.514904069503083539e-01
-6.559977768561959799e-01
-6.856099641179306259e-01
-6.888823191788877587e-01
-7.057338228090567211e-01
-7.192839892533868795e-01
-7.461502449931534109e-01
-7.725077813077612099e-01
-7.784200917962429411e-01
-7.814592965962902094e-01
-7.558145084822027737e-01
-7.340670724031244099e-01
-7.223441491928166425e-01
-6.852500643009983294e-01
-6.763892164926988970e-01
-6.621932916591388718e-01
-6.536338688012587328e-01
-6.838444252990183436e-01
-6.878734311069285567e-01
-6.903360260848483421e-01
-7.006039733193856200e-01
-6.895169854873340887e-01
-6.851890799334180437e-01
-7.008571013348012801e-01
-6.883849022532140260e-01
-6.678898622076830938e-01
-6.691670169164174453e-01
-6.589931044518242409e-01
-6.730622840994665568e-01
-7.124750173717692148e-01
-7.158274886195579167e-01
-7.003415072524236118e-01
-6.980616007104175624e-01
-6.922158858090403655e-01
-6.741149088534514888e-01
